1 1 1 0.002
1 1 11 0.007
1 1 21 0.01
1 1 31 0.016
1 1 41 0.02
1 1 51 0.026
1 1 61 0.031
1 1 71 0.035
1 1 81 0.039
1 1 91 0.045
1 11 1 0.01
1 11 11 0.076
1 11 21 0.185
1 11 31 0.227
1 11 41 0.347
1 11 51 0.445
1 11 61 0.543
1 11 71 0.642
1 11 81 0.715
1 11 91 0.81
1 21 1 0.024
1 21 11 0.185
1 21 21 0.352
1 21 31 0.511
1 21 41 0.718
1 21 51 0.882
1 21 61 1.013
1 21 71 1.278
1 21 81 1.265
1 21 91 1.449
1 31 1 0.037
1 31 11 0.315
1 31 21 0.522
1 31 31 0.712
1 31 41 1.003
1 31 51 1.24
1 31 61 1.321
1 31 71 1.673
1 31 81 1.853
1 31 91 2.216
1 41 1 0.046
1 41 11 0.356
1 41 21 0.639
1 41 31 0.919
1 41 41 1.243
1 41 51 1.539
1 41 61 1.701
1 41 71 1.971
1 41 81 2.272
1 41 91 2.613
1 51 1 0.058
1 51 11 0.404
1 51 21 0.753
1 51 31 1.131
1 51 41 1.415
1 51 51 1.76
1 51 61 2.459
1 51 71 2.491
1 51 81 2.895
1 51 91 3.044
1 61 1 0.065
1 61 11 0.453
1 61 21 0.849
1 61 31 1.195
1 61 41 1.681
1 61 51 2.029
1 61 61 2.252
1 61 71 2.767
1 61 81 3.192
1 61 91 3.508
1 71 1 0.073
1 71 11 0.495
1 71 21 0.924
1 71 31 1.364
1 71 41 1.819
1 71 51 2.229
1 71 61 2.491
1 71 71 2.929
1 71 81 3.458
1 71 91 3.932
1 81 1 0.078
1 81 11 0.536
1 81 21 0.998
1 81 31 1.434
1 81 41 1.94
1 81 51 2.476
1 81 61 3.024
1 81 71 3.259
1 81 81 3.813
1 81 91 4.37
1 91 1 0.095
1 91 11 0.605
1 91 21 1.14
1 91 31 1.679
1 91 41 2.207
1 91 51 2.815
1 91 61 3.341
1 91 71 4.072
1 91 81 4.417
1 91 91 4.895
11 1 1 0.005
11 1 11 0.062
11 1 21 0.104
11 1 31 0.145
11 1 41 0.178
11 1 51 0.219
11 1 61 0.26
11 1 71 0.326
11 1 81 0.361
11 1 91 0.407
11 11 1 0.067
11 11 11 0.68
11 11 21 1.28
11 11 31 1.806
11 11 41 2.459
11 11 51 3.043
11 11 61 3.761
11 11 71 4.204
11 11 81 4.831
11 11 91 5.523
11 21 1 0.138
11 21 11 1.259
11 21 21 2.393
11 21 31 3.49
11 21 41 4.712
11 21 51 6.058
11 21 61 6.785
11 21 71 8.009
11 21 81 9.221
11 21 91 10.667
11 31 1 0.18
11 31 11 1.871
11 31 21 3.589
11 31 31 5.028
11 31 41 7.057
11 31 51 8.899
11 31 61 9.988
11 31 71 11.738
11 31 81 14.172
11 31 91 15.895
11 41 1 0.244
11 41 11 2.482
11 41 21 4.857
11 41 31 6.924
11 41 41 9.367
11 41 51 11.907
11 41 61 13.565
11 41 71 15.796
11 41 81 18
11 41 91 20.794
11 51 1 0.302
11 51 11 3.102
11 51 21 5.995
11 51 31 8.355
11 51 41 11.509
11 51 51 14.22
11 51 61 16.607
11 51 71 19.496
11 51 81 22.538
11 51 91 25.383
11 61 1 0.36
11 61 11 3.727
11 61 21 7.044
11 61 31 10.014
11 61 41 13.778
11 61 51 17.278
11 61 61 19.593
11 61 71 23.435
11 61 81 27.919
11 61 91 30.73
11 71 1 0.425
11 71 11 4.328
11 71 21 8.368
11 71 31 11.597
11 71 41 15.689
11 71 51 20.086
11 71 61 23.46
11 71 71 27.684
11 71 81 32.222
11 71 91 35.739
11 81 1 0.496
11 81 11 4.954
11 81 21 9.596
11 81 31 13.257
11 81 41 18.216
11 81 51 22.591
11 81 61 26.576
11 81 71 31.161
11 81 81 35.867
11 81 91 41.044
11 91 1 0.57
11 91 11 5.657
11 91 21 10.77
11 91 31 15.456
11 91 41 20.176
11 91 51 25.207
11 91 61 29.844
11 91 71 34.13
11 91 81 40.672
11 91 91 45.152
21 1 1 0.007
21 1 11 0.105
21 1 21 0.173
21 1 31 0.253
21 1 41 0.337
21 1 51 0.415
21 1 61 0.496
21 1 71 0.58
21 1 81 0.668
21 1 91 0.77
21 11 1 0.134
21 11 11 1.244
21 11 21 2.365
21 11 31 3.614
21 11 41 4.677
21 11 51 5.786
21 11 61 6.738
21 11 71 7.917
21 11 81 9.495
21 11 91 10.691
21 21 1 0.252
21 21 11 2.417
21 21 21 4.538
21 21 31 6.561
21 21 41 9.168
21 21 51 11.194
21 21 61 13.214
21 21 71 15.278
21 21 81 17.787
21 21 91 20.054
21 31 1 0.341
21 31 11 3.734
21 31 21 6.909
21 31 31 9.582
21 31 41 13.379
21 31 51 16.822
21 31 61 19.317
21 31 71 22.603
21 31 81 26.5
21 31 91 29.72
21 41 1 0.462
21 41 11 4.666
21 41 21 9.177
21 41 31 12.823
21 41 41 17.604
21 41 51 21.882
21 41 61 25.292
21 41 71 29.879
21 41 81 35.07
21 41 91 39.624
21 51 1 0.576
21 51 11 5.951
21 51 21 11.188
21 51 31 16.105
21 51 41 21.964
21 51 51 26.763
21 51 61 31.386
21 51 71 36.236
21 51 81 51.36
21 51 91 53.378
21 61 1 0.694
21 61 11 7.253
21 61 21 13.88
21 61 31 19.689
21 61 41 26.141
21 61 51 32.09
21 61 61 37.052
21 61 71 43.564
21 61 81 50.627
21 61 91 58.368
21 71 1 0.795
21 71 11 8.216
21 71 21 15.701
21 71 31 22.134
21 71 41 30.717
21 71 51 38.217
21 71 61 43.262
21 71 71 51.565
21 71 81 59.749
21 71 91 68.03
21 81 1 0.918
21 81 11 9.24
21 81 21 17.887
21 81 31 25.991
21 81 41 34.444
21 81 51 42.753
21 81 61 50.657
21 81 71 58.747
21 81 81 67.907
21 81 91 76.62
21 91 1 1.007
21 91 11 10.477
21 91 21 19.897
21 91 31 28.471
21 91 41 38.434
21 91 51 47.898
21 91 61 55.922
21 91 71 66.101
21 91 81 75.834
21 91 91 85.549
31 1 1 0.01
31 1 11 0.132
31 1 21 0.249
31 1 31 0.379
31 1 41 0.487
31 1 51 0.612
31 1 61 0.739
31 1 71 0.849
31 1 81 0.956
31 1 91 1.078
31 11 1 0.17
31 11 11 1.792
31 11 21 3.599
31 11 31 5.061
31 11 41 6.688
31 11 51 8.53
31 11 61 10.008
31 11 71 11.472
31 11 81 13.203
31 11 91 14.834
31 21 1 0.324
31 21 11 3.443
31 21 21 6.616
31 21 31 9.675
31 21 41 12.742
31 21 51 16.399
31 21 61 19.269
31 21 71 21.9
31 21 81 25.254
31 21 91 29.083
31 31 1 0.513
31 31 11 5.301
31 31 21 10.336
31 31 31 14.351
31 31 41 19.649
31 31 51 24.392
31 31 61 28.169
31 31 71 32.652
31 31 81 37.946
31 31 91 43.858
31 41 1 0.631
31 41 11 6.749
31 41 21 13.007
31 41 31 18.828
31 41 41 24.883
31 41 51 31.281
31 41 61 36.717
31 41 71 42.983
31 41 81 48.982
31 41 91 55.718
31 51 1 0.818
31 51 11 8.427
31 51 21 16.331
31 51 31 23.464
31 51 41 31.554
31 51 51 39.215
31 51 61 46.316
31 51 71 53.861
31 51 81 60.934
31 51 91 69.793
31 61 1 1.013
31 61 11 10.501
31 61 21 19.878
31 61 31 28.178
31 61 41 38.242
31 61 51 47.547
31 61 61 55.469
31 61 71 64.719
31 61 81 76.176
31 61 91 84.723
31 71 1 1.13
31 71 11 12.033
31 71 21 23.007
31 71 31 33.01
31 71 41 44.294
31 71 51 55.154
31 71 61 64.179
31 71 71 75.422
31 71 81 86.879
31 71 91 98.148
31 81 1 1.283
31 81 11 13.462
31 81 21 25.466
31 81 31 36.87
31 81 41 49.216
31 81 51 62.473
31 81 61 72.861
31 81 71 84.083
31 81 81 99.747
31 81 91 113.409
31 91 1 1.484
31 91 11 15.402
31 91 21 29.129
31 91 31 42.803
31 91 41 58.299
31 91 51 70.927
31 91 61 82.255
31 91 71 95.391
31 91 81 109.407
31 91 91 123.485
41 1 1 0.013
41 1 11 0.177
41 1 21 0.336
41 1 31 0.493
41 1 41 0.657
41 1 51 0.808
41 1 61 0.997
41 1 71 1.136
41 1 81 1.299
41 1 91 1.443
41 11 1 0.23
41 11 11 2.646
41 11 21 4.682
41 11 31 6.761
41 11 41 9.203
41 11 51 11.202
41 11 61 13.367
41 11 71 15.47
41 11 81 17.963
41 11 91 20.598
41 21 1 0.462
41 21 11 4.853
41 21 21 9.094
41 21 31 13.089
41 21 41 17.737
41 21 51 22.276
41 21 61 26.266
41 21 71 42.632
41 21 81 35.305
41 21 91 40.136
41 31 1 0.685
41 31 11 7.679
41 31 21 13.647
41 31 31 18.603
41 31 41 26.303
41 31 51 32.381
41 31 61 37.266
41 31 71 43.287
41 31 81 50.024
41 31 91 57.175
41 41 1 0.882
41 41 11 9.141
41 41 21 17.91
41 41 31 24.904
41 41 41 33.502
41 41 51 42.192
41 41 61 49.149
41 41 71 57.831
41 41 81 65.786
41 41 91 76.234
41 51 1 1.072
41 51 11 11.573
41 51 21 21.778
41 51 31 31.355
41 51 41 42.029
41 51 51 52.22
41 51 61 62.044
41 51 71 71.053
41 51 81 83.239
41 51 91 91.416
41 61 1 1.329
41 61 11 13.908
41 61 21 26.328
41 61 31 37.293
41 61 41 51.479
41 61 51 63.826
41 61 61 74.081
41 61 71 86.301
41 61 81 100.544
41 61 91 113.841
41 71 1 1.535
41 71 11 16.282
41 71 21 30.922
41 71 31 42.699
41 71 41 59.547
41 71 51 72.844
41 71 61 85.127
41 71 71 100.392
41 71 81 116.942
41 71 91 130.405
41 81 1 1.769
41 81 11 18.067
41 81 21 34.456
41 81 31 49.166
41 81 41 66.843
41 81 51 84.256
41 81 61 97.056
41 81 71 114.761
41 81 81 129.821
41 81 91 149.883
41 91 1 1.925
41 91 11 20.172
41 91 21 38.24
41 91 31 54.729
41 91 41 74.39
41 91 51 92.222
41 91 61 109.13
41 91 71 127.97
41 91 81 146.065
41 91 91 166.874
51 1 1 0.029
51 1 11 0.221
51 1 21 0.419
51 1 31 0.616
51 1 41 0.816
51 1 51 1.018
51 1 61 1.205
51 1 71 1.407
51 1 81 1.614
51 1 91 1.925
51 11 1 0.303
51 11 11 3.107
51 11 21 5.741
51 11 31 8.466
51 11 41 11.194
51 11 51 14.153
51 11 61 16.693
51 11 71 19.269
51 11 81 22.218
51 11 91 25.231
51 21 1 0.561
51 21 11 5.806
51 21 21 11.194
51 21 31 15.87
51 21 41 21.667
51 21 51 27.204
51 21 61 31.513
51 21 71 36.828
51 21 81 42.467
51 21 91 48.599
51 31 1 0.83
51 31 11 8.826
51 31 21 16.495
51 31 31 23.284
51 31 41 32.282
51 31 51 40.026
51 31 61 45.865
51 31 71 54.383
51 31 81 64.04
51 31 91 73.038
51 41 1 1.092
51 41 11 11.409
51 41 21 21.629
51 41 31 30.902
51 41 41 41.564
51 41 51 66.281
51 41 61 64.551
51 41 71 71.08
51 41 81 81.696
51 41 91 92.891
51 51 1 1.382
51 51 11 14.332
51 51 21 26.917
51 51 31 38.359
51 51 41 52.569
51 51 51 64.82
51 51 61 75.132
51 51 71 90.33
51 51 81 105.019
51 51 91 115.764
51 61 1 1.627
51 61 11 16.918
51 61 21 32.957
51 61 31 45.008
51 61 41 62.461
51 61 51 78.408
51 61 61 90.303
51 61 71 106.806
51 61 81 125.277
51 61 91 139.774
51 71 1 1.872
51 71 11 20.026
51 71 21 37.89
51 71 31 53.948
51 71 41 74.163
51 71 51 90.963
51 71 61 104.763
51 71 71 121.559
51 71 81 141.885
51 71 91 162.635
51 81 1 2.157
51 81 11 22.885
51 81 21 43.54
51 81 31 61.291
51 81 41 82.699
51 81 51 104.581
51 81 61 118.249
51 81 71 139.978
51 81 81 161.396
51 81 91 186.384
51 91 1 2.479
51 91 11 25.223
51 91 21 48.134
51 91 31 68.474
51 91 41 93.619
51 91 51 117.97
51 91 61 135.824
51 91 71 161.575
51 91 81 183.256
51 91 91 206.159
61 1 1 0.032
61 1 11 0.259
61 1 21 0.492
61 1 31 0.748
61 1 41 0.964
61 1 51 1.203
61 1 61 1.457
61 1 71 1.676
61 1 81 2.003
61 1 91 2.205
61 11 1 0.348
61 11 11 3.541
61 11 21 6.704
61 11 31 10.178
61 11 41 13.115
61 11 51 16.597
61 11 61 19.531
61 11 71 22.977
61 11 81 26.083
61 11 91 29.518
61 21 1 0.647
61 21 11 6.76
61 21 21 12.956
61 21 31 18.956
61 21 41 25.247
61 21 51 31.82
61 21 61 37.644
61 21 71 44.454
61 21 81 49.716
61 21 91 56.745
61 31 1 0.997
61 31 11 10.444
61 31 21 20.101
61 31 31 29.105
61 31 41 40.156
61 31 51 61.924
61 31 61 56.779
61 31 71 65.402
61 31 81 77.27
61 31 91 86.157
61 41 1 1.288
61 41 11 13.321
61 41 21 25.211
61 41 31 36.508
61 41 41 48.678
61 41 51 60.919
61 41 61 71.281
61 41 71 82.601
61 41 81 96.375
61 41 91 108.519
61 51 1 1.617
61 51 11 16.953
61 51 21 32.249
61 51 31 46.811
61 51 41 61.537
61 51 51 76.091
61 51 61 91.105
61 51 71 104.565
61 51 81 121.292
61 51 91 135.024
61 61 1 1.978
61 61 11 20.29
61 61 21 38.327
61 61 31 54.755
61 61 41 75.947
61 61 51 93.547
61 61 61 109.061
61 61 71 126.499
61 61 81 145.535
61 61 91 165.544
61 71 1 2.212
61 71 11 23.357
61 71 21 44.334
61 71 31 63.206
61 71 41 85.119
61 71 51 106.766
61 71 61 125.525
61 71 71 146.847
61 71 81 169.247
61 71 91 192.678
61 81 1 2.488
61 81 11 26.445
61 81 21 50.075
61 81 31 72.24
61 81 41 97.237
61 81 51 122.084
61 81 61 142.918
61 81 71 164.169
61 81 81 186.838
61 81 91 212.13
61 91 1 2.837
61 91 11 29.568
61 91 21 56.127
61 91 31 82.377
61 91 41 109.757
61 91 51 135.536
61 91 61 178.765
61 91 71 184.546
61 91 81 210.743
61 91 91 243.291
71 1 1 0.022
71 1 11 0.303
71 1 21 0.596
71 1 31 0.862
71 1 41 1.123
71 1 51 1.402
71 1 61 1.703
71 1 71 2.014
71 1 81 2.288
71 1 91 2.516
71 11 1 0.392
71 11 11 4.199
71 11 21 8.054
71 11 31 11.869
71 11 41 15.818
71 11 51 19.345
71 11 61 22.904
71 11 71 26.756
71 11 81 30.619
71 11 91 34.476
71 21 1 0.754
71 21 11 8.346
71 21 21 15.305
71 21 31 22.058
71 21 41 29.742
71 21 51 37.802
71 21 61 43.622
71 21 71 50.505
71 21 81 58.636
71 21 91 66.621
71 31 1 1.17
71 31 11 12.18
71 31 21 23.02
71 31 31 32.374
71 31 41 45.082
71 31 51 56.948
71 31 61 64.732
71 31 71 77.087
71 31 81 89.409
71 31 91 100.245
71 41 1 1.473
71 41 11 15.513
71 41 21 29.557
71 41 31 42.63
71 41 41 56.553
71 41 51 72.306
71 41 61 83.669
71 41 71 97.741
71 41 81 111.08
71 41 91 126.361
71 51 1 1.867
71 51 11 19.385
71 51 21 36.711
71 51 31 53.448
71 51 41 72.385
71 51 51 88.451
71 51 61 104.693
71 51 71 121.586
71 51 81 140.915
71 51 91 157.136
71 61 1 2.323
71 61 11 23.712
71 61 21 45.079
71 61 31 63.468
71 61 41 87.097
71 61 51 107.709
71 61 61 124.404
71 61 71 148.724
71 61 81 176.748
71 61 91 193.644
71 71 1 2.677
71 71 11 27.431
71 71 21 52.039
71 71 31 73.384
71 71 41 100.447
71 71 51 124.448
71 71 61 145.848
71 71 71 171.288
71 71 81 241.151
71 71 91 228.514
71 81 1 2.915
71 81 11 30.986
71 81 21 58.414
71 81 31 83.67
71 81 41 113.635
71 81 51 142.073
71 81 61 168.03
71 81 71 193.475
71 81 81 222.448
71 81 91 252.716
71 91 1 3.311
71 91 11 34.538
71 91 21 65.413
71 91 31 94.402
71 91 41 126.655
71 91 51 158.132
71 91 61 187.768
71 91 71 217.754
71 91 81 251.182
71 91 91 279.813
81 1 1 0.026
81 1 11 0.372
81 1 21 0.664
81 1 31 0.973
81 1 41 1.303
81 1 51 1.595
81 1 61 1.941
81 1 71 2.355
81 1 81 2.57
81 1 91 2.904
81 11 1 0.452
81 11 11 4.83
81 11 21 9.274
81 11 31 13.168
81 11 41 17.905
81 11 51 22.276
81 11 61 25.946
81 11 71 30.553
81 11 81 35.097
81 11 91 39.638
81 21 1 0.884
81 21 11 9.177
81 21 21 17.63
81 21 31 25.293
81 21 41 34.186
81 21 51 42.726
81 21 61 49.921
81 21 71 58.645
81 21 81 67.498
81 21 91 76.684
81 31 1 1.296
81 31 11 14.004
81 31 21 26.607
81 31 31 38.018
81 31 41 51.668
81 31 51 64.236
81 31 61 73.315
81 31 71 87.106
81 31 81 101.443
81 31 91 115.141
81 41 1 1.75
81 41 11 18.417
81 41 21 34.421
81 41 31 49.563
81 41 41 67.116
81 41 51 84.168
81 41 61 97.778
81 41 71 115.013
81 41 81 131.154
81 41 91 166.156
81 51 1 2.208
81 51 11 22.49
81 51 21 42.499
81 51 31 61.288
81 51 41 82.722
81 51 51 101.17
81 51 61 119.67
81 51 71 139.532
81 51 81 162.724
81 51 91 182.17
81 61 1 2.572
81 61 11 27.215
81 61 21 51.617
81 61 31 72.002
81 61 41 100.102
81 61 51 123.296
81 61 61 143.349
81 61 71 168.188
81 61 81 198.144
81 61 91 220.887
81 71 1 3.067
81 71 11 31.316
81 71 21 59.113
81 71 31 83.394
81 71 41 115.049
81 71 51 142.851
81 71 61 164.324
81 71 71 195.573
81 71 81 230.322
81 71 91 259.399
81 81 1 3.487
81 81 11 35.991
81 81 21 67.013
81 81 31 97.301
81 81 41 130.844
81 81 51 164.214
81 81 61 189.602
81 81 71 224.476
81 81 81 257.178
81 81 91 294.438
81 91 1 3.798
81 91 11 40.195
81 91 21 90.347
81 91 31 108.08
81 91 41 143.744
81 91 51 178.833
81 91 61 209.953
81 91 71 250.74
81 91 81 283.702
81 91 91 323.968
91 1 1 0.028
91 1 11 0.393
91 1 21 0.748
91 1 31 1.088
91 1 41 1.465
91 1 51 1.835
91 1 61 2.132
91 1 71 2.61
91 1 81 2.95
91 1 91 3.27
91 11 1 0.523
91 11 11 5.549
91 11 21 10.42
91 11 31 14.794
91 11 41 20.284
91 11 51 25.423
91 11 61 29.33
91 11 71 34.481
91 11 81 39.781
91 11 91 46.077
91 21 1 1.038
91 21 11 10.712
91 21 21 20.086
91 21 31 28.305
91 21 41 38.578
91 21 51 48.99
91 21 61 55.911
91 21 71 65.816
91 21 81 75.669
91 21 91 86.931
91 31 1 1.443
91 31 11 15.628
91 31 21 29.483
91 31 31 41.54
91 31 41 57.586
91 31 51 71.446
91 31 61 81.159
91 31 71 97.002
91 31 81 112.153
91 31 91 128.5
91 41 1 1.968
91 41 11 20.467
91 41 21 39.293
91 41 31 54.61
91 41 41 75.198
91 41 51 92.934
91 41 61 108.953
91 41 71 127.54
91 41 81 146.429
91 41 91 166.64
91 51 1 2.405
91 51 11 25.432
91 51 21 49.027
91 51 31 68.263
91 51 41 94.147
91 51 51 114.71
91 51 61 133.094
91 51 71 156.884
91 51 81 181.027
91 51 91 205.789
91 61 1 2.934
91 61 11 30.722
91 61 21 57.207
91 61 31 89.215
91 61 41 120.85
91 61 51 138.448
91 61 61 160.477
91 61 71 188.936
91 61 81 221.713
91 61 91 250.985
91 71 1 3.391
91 71 11 35.83
91 71 21 66.369
91 71 31 96.321
91 71 41 131.931
91 71 51 163.637
91 71 61 187.007
91 71 71 221.081
91 71 81 257.106
91 71 91 291.129
91 81 1 3.905
91 81 11 39.763
91 81 21 75.415
91 81 31 109.507
91 81 41 147.466
91 81 51 182.593
91 81 61 215.614
91 81 71 246.637
91 81 81 291.507
91 81 91 330.832
91 91 1 4.424
91 91 11 44.859
91 91 21 84.755
91 91 31 121.381
91 91 41 167.249
91 91 51 208.601
91 91 61 247.931
91 91 71 280.319
91 91 81 323.964
91 91 91 369.14
