1 1 1 0.006
1 1 11 0.063
1 1 21 0.089
1 1 31 0.065
1 1 41 0.082
1 1 51 0.233
1 1 61 0.139
1 1 71 0.286
1 1 81 0.301
1 1 91 0.293
1 11 1 0.029
1 11 11 0.438
1 11 21 0.628
1 11 31 0.81
1 11 41 1.063
1 11 51 0.968
1 11 61 0.98
1 11 71 0.986
1 11 81 1.114
1 11 91 1.263
1 21 1 0.035
1 21 11 0.418
1 21 21 0.683
1 21 31 0.977
1 21 41 1.126
1 21 51 1.363
1 21 61 1.584
1 21 71 1.833
1 21 81 2.039
1 21 91 2.356
1 31 1 0.05
1 31 11 0.409
1 31 21 0.778
1 31 31 1.15
1 31 41 1.541
1 31 51 1.904
1 31 61 2.18
1 31 71 2.632
1 31 81 2.986
1 31 91 3.317
1 41 1 0.061
1 41 11 0.508
1 41 21 0.956
1 41 31 1.426
1 41 41 1.865
1 41 51 2.394
1 41 61 2.845
1 41 71 3.172
1 41 81 3.589
1 41 91 4.076
1 51 1 0.079
1 51 11 0.624
1 51 21 1.202
1 51 31 1.776
1 51 41 2.348
1 51 51 2.889
1 51 61 3.478
1 51 71 3.974
1 51 81 4.381
1 51 91 4.85
1 61 1 0.093
1 61 11 0.731
1 61 21 1.401
1 61 31 1.994
1 61 41 2.774
1 61 51 3.279
1 61 61 3.834
1 61 71 4.655
1 61 81 5.227
1 61 91 5.995
1 71 1 0.112
1 71 11 0.884
1 71 21 1.664
1 71 31 2.33
1 71 41 3.18
1 71 51 3.821
1 71 61 4.523
1 71 71 5.295
1 71 81 6.222
1 71 91 6.941
1 81 1 0.128
1 81 11 0.998
1 81 21 1.876
1 81 31 2.71
1 81 41 3.492
1 81 51 4.462
1 81 61 5.283
1 81 71 6.135
1 81 81 7.027
1 81 91 8.186
1 91 1 0.155
1 91 11 1.123
1 91 21 2.135
1 91 31 3.124
1 91 41 4.054
1 91 51 5.099
1 91 61 6.054
1 91 71 7.005
1 91 81 7.74
1 91 91 9.075
11 1 1 0.017
11 1 11 0.144
11 1 21 0.278
11 1 31 0.404
11 1 41 0.547
11 1 51 0.678
11 1 61 0.788
11 1 71 0.935
11 1 81 1.055
11 1 91 1.206
11 11 1 0.168
11 11 11 1.558
11 11 21 3
11 11 31 4.265
11 11 41 5.684
11 11 51 7.286
11 11 61 8.37
11 11 71 9.864
11 11 81 11.219
11 11 91 13.146
11 21 1 0.319
11 21 11 2.999
11 21 21 5.704
11 21 31 8.373
11 21 41 11.158
11 21 51 14.007
11 21 61 15.952
11 21 71 18.7
11 21 81 21.407
11 21 91 24.132
11 31 1 0.447
11 31 11 4.228
11 31 21 8.239
11 31 31 11.796
11 31 41 15.811
11 31 51 19.892
11 31 61 23.587
11 31 71 27.611
11 31 81 32.048
11 31 91 35.243
11 41 1 0.604
11 41 11 5.655
11 41 21 10.799
11 41 31 15.7
11 41 41 21.023
11 41 51 26.322
11 41 61 30.942
11 41 71 36.245
11 41 81 41.46
11 41 91 47.295
11 51 1 0.757
11 51 11 7.096
11 51 21 13.42
11 51 31 19.81
11 51 41 26.882
11 51 51 32.872
11 51 61 38.768
11 51 71 45.357
11 51 81 51.799
11 51 91 58.978
11 61 1 0.893
11 61 11 8.402
11 61 21 16.057
11 61 31 23.198
11 61 41 31.116
11 61 51 38.807
11 61 61 46.489
11 61 71 54.025
11 61 81 61.511
11 61 91 70.328
11 71 1 1.046
11 71 11 9.834
11 71 21 18.838
11 71 31 27.88
11 71 41 38.263
11 71 51 47.713
11 71 61 56.058
11 71 71 64.599
11 71 81 72.604
11 71 91 82.155
11 81 1 1.233
11 81 11 11.546
11 81 21 22.167
11 81 31 31.821
11 81 41 42.265
11 81 51 53.742
11 81 61 62.539
11 81 71 72.097
11 81 81 84.846
11 81 91 108.211
11 91 1 1.404
11 91 11 13.103
11 91 21 24.371
11 91 31 35.416
11 91 41 47.04
11 91 51 60.344
11 91 61 70.874
11 91 71 81.003
11 91 81 92.652
11 91 91 104.896
21 1 1 0.035
21 1 11 0.276
21 1 21 0.509
21 1 31 0.748
21 1 41 0.991
21 1 51 1.254
21 1 61 1.475
21 1 71 1.716
21 1 81 2.065
21 1 91 2.305
21 11 1 0.316
21 11 11 2.91
21 11 21 5.633
21 11 31 8.074
21 11 41 10.842
21 11 51 13.725
21 11 61 16.515
21 11 71 19.401
21 11 81 22.007
21 11 91 25.193
21 21 1 0.61
21 21 11 5.598
21 21 21 10.651
21 21 31 15.195
21 21 41 20.606
21 21 51 26.034
21 21 61 30.279
21 21 71 35.524
21 21 81 40.692
21 21 91 46.216
21 31 1 0.856
21 31 11 8.364
21 31 21 15.363
21 31 31 22.106
21 31 41 30.155
21 31 51 37.819
21 31 61 44.534
21 31 71 51.108
21 31 81 60.911
21 31 91 69.575
21 41 1 1.191
21 41 11 11.211
21 41 21 21.217
21 41 31 30.752
21 41 41 41.432
21 41 51 51.681
21 41 61 58.303
21 41 71 69.067
21 41 81 79.189
21 41 91 89.728
21 51 1 1.503
21 51 11 13.605
21 51 21 25.972
21 51 31 37.92
21 51 41 50.474
21 51 51 63.378
21 51 61 73.915
21 51 71 85.401
21 51 81 98.441
21 51 91 110.314
21 61 1 1.756
21 61 11 16.497
21 61 21 31.752
21 61 31 45.702
21 61 41 59.677
21 61 51 74.147
21 61 61 86.404
21 61 71 103.002
21 61 81 117.17
21 61 91 133.46
21 71 1 1.992
21 71 11 18.879
21 71 21 35.983
21 71 31 52.27
21 71 41 71.053
21 71 51 89.081
21 71 61 99.916
21 71 71 118.033
21 71 81 136.579
21 71 91 153.297
21 81 1 2.288
21 81 11 21.762
21 81 21 41.015
21 81 31 60.073
21 81 41 79.007
21 81 51 98.003
21 81 61 114.311
21 81 71 139.34
21 81 81 154.173
21 81 91 177.304
21 91 1 2.674
21 91 11 24.489
21 91 21 47.232
21 91 31 67.798
21 91 41 88.129
21 91 51 116.957
21 91 61 131.111
21 91 71 153.822
21 91 81 179.04
21 91 91 202.258
31 1 1 0.053
31 1 11 0.417
31 1 21 0.797
31 1 31 1.084
31 1 41 1.498
31 1 51 1.841
31 1 61 2.181
31 1 71 2.556
31 1 81 2.992
31 1 91 3.359
31 11 1 0.464
31 11 11 4.333
31 11 21 8.556
31 11 31 11.993
31 11 41 16.144
31 11 51 20.204
31 11 61 23.476
31 11 71 27.41
31 11 81 32.087
31 11 91 36.333
31 21 1 0.899
31 21 11 8.523
31 21 21 16.088
31 21 31 22.583
31 21 41 30.475
31 21 51 37.91
31 21 61 44.242
31 21 71 51.591
31 21 81 59.691
31 21 91 69.709
31 31 1 1.312
31 31 11 12.357
31 31 21 23.035
31 31 31 33.485
31 31 41 45.51
31 31 51 55.646
31 31 61 64.386
31 31 71 76.796
31 31 81 88.649
31 31 91 101.284
31 41 1 1.727
31 41 11 16.537
31 41 21 30.586
31 41 31 43.604
31 41 41 60.03
31 41 51 73.77
31 41 61 86.285
31 41 71 101.933
31 41 81 118.217
31 41 91 132.423
31 51 1 2.123
31 51 11 20.079
31 51 21 38.093
31 51 31 54.525
31 51 41 74.394
31 51 51 92.407
31 51 61 106.031
31 51 71 126.816
31 51 81 143.341
31 51 91 167.364
31 61 1 2.585
31 61 11 24.473
31 61 21 45.874
31 61 31 63.788
31 61 41 86.437
31 61 51 108.196
31 61 61 125.193
31 61 71 149.808
31 61 81 174.088
31 61 91 198.738
31 71 1 3.029
31 71 11 28.613
31 71 21 54.36
31 71 31 75.247
31 71 41 103.269
31 71 51 128.14
31 71 61 148.843
31 71 71 196.074
31 71 81 221.291
31 71 91 225.438
31 81 1 3.368
31 81 11 31.788
31 81 21 60.496
31 81 31 85.458
31 81 41 118.508
31 81 51 145.03
31 81 61 169.269
31 81 71 200.735
31 81 81 232.604
31 81 91 258.538
31 91 1 3.943
31 91 11 35.66
31 91 21 68.753
31 91 31 97.697
31 91 41 134.424
31 91 51 166.413
31 91 61 197.03
31 91 71 226.303
31 91 81 258.366
31 91 91 297.372
41 1 1 0.071
41 1 11 0.548
41 1 21 1.025
41 1 31 1.506
41 1 41 2.03
41 1 51 2.535
41 1 61 3.011
41 1 71 3.463
41 1 81 3.973
41 1 91 4.584
41 11 1 0.634
41 11 11 5.859
41 11 21 11.256
41 11 31 15.851
41 11 41 21.215
41 11 51 26.534
41 11 61 31.015
41 11 71 36.207
41 11 81 41.836
41 11 91 47.759
41 21 1 1.158
41 21 11 10.928
41 21 21 20.708
41 21 31 30.169
41 21 41 39.35
41 21 51 50.648
41 21 61 60.418
41 21 71 70.669
41 21 81 79.408
41 21 91 90.04
41 31 1 1.706
41 31 11 15.89
41 31 21 30.19
41 31 31 43.639
41 31 41 57.771
41 31 51 73.763
41 31 61 88.126
41 31 71 101.813
41 31 81 116.157
41 31 91 130.579
41 41 1 2.265
41 41 11 21.216
41 41 21 40.293
41 41 31 58.359
41 41 41 77.679
41 41 51 98.573
41 41 61 131.427
41 41 71 131.984
41 41 81 155.657
41 41 91 174.886
41 51 1 2.843
41 51 11 26.396
41 51 21 50.219
41 51 31 72.694
41 51 41 96.689
41 51 51 120.002
41 51 61 141.586
41 51 71 164.961
41 51 81 196.647
41 51 91 217.111
41 61 1 3.328
41 61 11 31.275
41 61 21 59.696
41 61 31 86.375
41 61 41 116.722
41 61 51 145.972
41 61 61 171.544
41 61 71 200.591
41 61 81 227.072
41 61 91 256.285
41 71 1 3.999
41 71 11 36.674
41 71 21 69.661
41 71 31 98.739
41 71 41 138.361
41 71 51 171.809
41 71 61 195.762
41 71 71 230.665
41 71 81 262.999
41 71 91 305.025
41 81 1 4.462
41 81 11 42.289
41 81 21 79.512
41 81 31 116.351
41 81 41 156.501
41 81 51 201.694
41 81 61 230.22
41 81 71 260.367
41 81 81 303.006
41 81 91 342.622
41 91 1 5.165
41 91 11 48.536
41 91 21 90.581
41 91 31 130.489
41 91 41 175.457
41 91 51 218.856
41 91 61 252.858
41 91 71 300.684
41 91 81 336.787
41 91 91 383.876
51 1 1 0.085
51 1 11 0.661
51 1 21 1.248
51 1 31 1.873
51 1 41 2.552
51 1 51 3.112
51 1 61 3.791
51 1 71 4.323
51 1 81 4.964
51 1 91 5.51
51 11 1 0.763
51 11 11 7.24
51 11 21 13.774
51 11 31 19.855
51 11 41 26.587
51 11 51 32.845
51 11 61 38.578
51 11 71 45.008
51 11 81 51.644
51 11 91 58.467
51 21 1 1.443
51 21 11 13.654
51 21 21 25.697
51 21 31 37.143
51 21 41 50.175
51 21 51 62.405
51 21 61 72.852
51 21 71 85.407
51 21 81 99.677
51 21 91 110.879
51 31 1 2.105
51 31 11 19.722
51 31 21 38.013
51 31 31 54.49
51 31 41 73.958
51 31 51 94.143
51 31 61 108.25
51 31 71 126.647
51 31 81 146.332
51 31 91 161.267
51 41 1 2.81
51 41 11 26.534
51 41 21 51.288
51 41 31 88.054
51 41 41 96.783
51 41 51 122.687
51 41 61 147.08
51 41 71 167.951
51 41 81 187.468
51 41 91 215.375
51 51 1 3.499
51 51 11 31.909
51 51 21 60.899
51 51 31 88.258
51 51 41 124.068
51 51 51 151.026
51 51 61 176.55
51 51 71 208.032
51 51 81 238.583
51 51 91 271.193
51 61 1 4.184
51 61 11 38.206
51 61 21 72.578
51 61 31 109.611
51 61 41 144.293
51 61 51 178.006
51 61 61 209.211
51 61 71 247.83
51 61 81 278.458
51 61 91 314.798
51 71 1 4.788
51 71 11 44.14
51 71 21 84.957
51 71 31 125.764
51 71 41 172.012
51 71 51 205.895
51 71 61 242.812
51 71 71 301.695
51 71 81 338.863
51 71 91 372.037
51 81 1 5.631
51 81 11 52.26
51 81 21 100.291
51 81 31 144.201
51 81 41 197.868
51 81 51 241.719
51 81 61 284.878
51 81 71 335.028
51 81 81 396.542
51 81 91 426.858
51 91 1 6.303
51 91 11 58.882
51 91 21 113.762
51 91 31 168.45
51 91 41 219.673
51 91 51 274.541
51 91 61 318.375
51 91 71 371.152
51 91 81 457.34
51 91 91 483.045
61 1 1 0.104
61 1 11 0.826
61 1 21 1.582
61 1 31 2.265
61 1 41 3.087
61 1 51 3.784
61 1 61 4.429
61 1 71 5.349
61 1 81 6.045
61 1 91 6.74
61 11 1 0.906
61 11 11 8.513
61 11 21 16.209
61 11 31 23.559
61 11 41 32.045
61 11 51 40.431
61 11 61 46.301
61 11 71 54.092
61 11 81 61.783
61 11 91 70.925
61 21 1 1.743
61 21 11 16.427
61 21 21 30.927
61 21 31 43.988
61 21 41 59.912
61 21 51 74.888
61 21 61 88.57
61 21 71 104.787
61 21 81 120.117
61 21 91 135.943
61 31 1 2.52
61 31 11 23.82
61 31 21 45.104
61 31 31 64.476
61 31 41 88.093
61 31 51 109.504
61 31 61 126.635
61 31 71 151.508
61 31 81 173.958
61 31 91 193.789
61 41 1 3.37
61 41 11 31.634
61 41 21 60.239
61 41 31 86.277
61 41 41 115.607
61 41 51 144.371
61 41 61 166.77
61 41 71 200.131
61 41 81 227.294
61 41 91 260.649
61 51 1 4.192
61 51 11 39.385
61 51 21 75.027
61 51 31 106.855
61 51 41 146.677
61 51 51 181.633
61 51 61 207.873
61 51 71 246.419
61 51 81 303.582
61 51 91 326.326
61 61 1 4.83
61 61 11 45.457
61 61 21 86.326
61 61 31 125.293
61 61 41 172.978
61 61 51 211.495
61 61 61 254.414
61 61 71 296.777
61 61 81 337.986
61 61 91 383.005
61 71 1 5.627
61 71 11 53.168
61 71 21 100.791
61 71 31 144.927
61 71 41 199.796
61 71 51 370.519
61 71 61 287.332
61 71 71 340.152
61 71 81 396.655
61 71 91 443.24
61 81 1 6.545
61 81 11 61.079
61 81 21 147.17
61 81 31 170.278
61 81 41 237.009
61 81 51 284.489
61 81 61 331.743
61 81 71 392.066
61 81 81 450.19
61 81 91 515.279
61 91 1 7.296
61 91 11 68.416
61 91 21 130.808
61 91 31 189.863
61 91 41 258.662
61 91 51 326.422
61 91 61 368.027
61 91 71 441.825
61 91 81 515.545
61 91 91 588.74
71 1 1 0.127
71 1 11 1.012
71 1 21 1.802
71 1 31 2.596
71 1 41 3.601
71 1 51 4.291
71 1 61 4.924
71 1 71 5.964
71 1 81 7.095
71 1 91 8.144
71 11 1 1.097
71 11 11 9.779
71 11 21 18.603
71 11 31 26.32
71 11 41 35.614
71 11 51 44.807
71 11 61 52.381
71 11 71 61.781
71 11 81 71.258
71 11 91 81.308
71 21 1 1.973
71 21 11 18.82
71 21 21 35.671
71 21 31 50.841
71 21 41 69.345
71 21 51 113.204
71 21 61 99.954
71 21 71 122.322
71 21 81 136.161
71 21 91 152.038
71 31 1 2.837
71 31 11 26.935
71 31 21 51.071
71 31 31 73.322
71 31 41 100.565
71 31 51 125.688
71 31 61 144.507
71 31 71 173.423
71 31 81 200.382
71 31 91 224.05
71 41 1 3.802
71 41 11 36.285
71 41 21 69.298
71 41 31 98.938
71 41 41 134.102
71 41 51 167.916
71 41 61 199.182
71 41 71 234.729
71 41 81 265.678
71 41 91 299.268
71 51 1 4.913
71 51 11 45.875
71 51 21 87.345
71 51 31 125.073
71 51 41 165.939
71 51 51 210.51
71 51 61 273.666
71 51 71 290.237
71 51 81 326.735
71 51 91 372.437
71 61 1 5.608
71 61 11 55.733
71 61 21 106.582
71 61 31 150.13
71 61 41 203.084
71 61 51 252.322
71 61 61 288.962
71 61 71 347.363
71 61 81 392.319
71 61 91 586.615
71 71 1 6.577
71 71 11 61.728
71 71 21 118.791
71 71 31 171.276
71 71 41 328.425
71 71 51 300.265
71 71 61 338.676
71 71 71 416.423
71 71 81 458.111
71 71 91 524.423
71 81 1 7.98
71 81 11 73.587
71 81 21 139.503
71 81 31 203.251
71 81 41 268.127
71 81 51 338.467
71 81 61 383.129
71 81 71 455.672
71 81 81 543.243
71 81 91 599.963
71 91 1 8.76
71 91 11 82.349
71 91 21 158.36
71 91 31 224.026
71 91 41 307.94
71 91 51 381.04
71 91 61 440.579
71 91 71 521.938
71 91 81 593.528
71 91 91 675.274
81 1 1 0.136
81 1 11 1.134
81 1 21 2.134
81 1 31 3.042
81 1 41 4.006
81 1 51 4.878
81 1 61 5.823
81 1 71 6.67
81 1 81 7.595
81 1 91 8.884
81 11 1 1.238
81 11 11 11.47
81 11 21 21.575
81 11 31 31.185
81 11 41 41.938
81 11 51 51.981
81 11 61 61.907
81 11 71 71.976
81 11 81 83.967
81 11 91 97.327
81 21 1 2.414
81 21 11 21.78
81 21 21 41.416
81 21 31 59.554
81 21 41 81.215
81 21 51 103.416
81 21 61 117.349
81 21 71 135.391
81 21 81 155.627
81 21 91 175.271
81 31 1 3.341
81 31 11 31.9
81 31 21 61.4
81 31 31 87.452
81 31 41 116.915
81 31 51 147.055
81 31 61 168.098
81 31 71 204.813
81 31 81 225.144
81 31 91 261.153
81 41 1 4.454
81 41 11 42.188
81 41 21 78.933
81 41 31 116.374
81 41 41 153.415
81 41 51 192.916
81 41 61 229.294
81 41 71 264.162
81 41 81 308.344
81 41 91 343.437
81 51 1 5.565
81 51 11 52.782
81 51 21 98.68
81 51 31 143.269
81 51 41 192.949
81 51 51 240.941
81 51 61 284.553
81 51 71 338.575
81 51 81 376.941
81 51 91 428.438
81 61 1 6.685
81 61 11 62.249
81 61 21 117.465
81 61 31 170.425
81 61 41 245.912
81 61 51 294.475
81 61 61 331.455
81 61 71 395.48
81 61 81 446.12
81 61 91 501.836
81 71 1 7.91
81 71 11 72.229
81 71 21 134.148
81 71 31 192.725
81 71 41 261.206
81 71 51 330.99
81 71 61 385.718
81 71 71 449.377
81 71 81 521.885
81 71 91 599.151
81 81 1 9.628
81 81 11 84.759
81 81 21 155.303
81 81 31 229.426
81 81 41 305.287
81 81 51 379.117
81 81 61 445.779
81 81 71 516.58
81 81 81 598.159
81 81 91 683.955
81 91 1 10.448
81 91 11 93.265
81 91 21 175.383
81 91 31 254.706
81 91 41 344.446
81 91 51 434.065
81 91 61 507.905
81 91 71 598.189
81 91 81 676.916
81 91 91 766.04
91 1 1 0.164
91 1 11 1.254
91 1 21 2.364
91 1 31 3.478
91 1 41 4.352
91 1 51 5.484
91 1 61 6.487
91 1 71 7.563
91 1 81 8.816
91 1 91 9.952
91 11 1 1.374
91 11 11 12.803
91 11 21 24.245
91 11 31 34.967
91 11 41 46.215
91 11 51 58.543
91 11 61 69.871
91 11 71 81.787
91 11 81 91.762
91 11 91 103.099
91 21 1 2.596
91 21 11 23.981
91 21 21 46.541
91 21 31 65.267
91 21 41 89.018
91 21 51 110.339
91 21 61 134.655
91 21 71 153.931
91 21 81 171.974
91 21 91 196.892
91 31 1 3.763
91 31 11 35.004
91 31 21 66.268
91 31 31 97.417
91 31 41 129.641
91 31 51 161.732
91 31 61 190.536
91 31 71 221.715
91 31 81 263.257
91 31 91 294.678
91 41 1 5.032
91 41 11 47.454
91 41 21 90.549
91 41 31 131.146
91 41 41 173.793
91 41 51 218.613
91 41 61 257.107
91 41 71 319.745
91 41 81 371.53
91 41 91 388.761
91 51 1 6.294
91 51 11 59.125
91 51 21 112.573
91 51 31 158.879
91 51 41 212.839
91 51 51 272.251
91 51 61 323.225
91 51 71 369.64
91 51 81 427.512
91 51 91 476.67
91 61 1 7.621
91 61 11 69.201
91 61 21 145.133
91 61 31 193.57
91 61 41 259.081
91 61 51 327.679
91 61 61 380.741
91 61 71 435.65
91 61 81 503.668
91 61 91 564.95
91 71 1 9.302
91 71 11 80.814
91 71 21 151.509
91 71 31 227.3
91 71 41 302.238
91 71 51 375.436
91 71 61 435.77
91 71 71 518.528
91 71 81 621.679
91 71 91 659.319
91 81 1 9.969
91 81 11 92.192
91 81 21 182.579
91 81 31 255.708
91 81 41 336.926
91 81 51 419.248
91 81 61 496.21
91 81 71 591.065
91 81 81 669.584
91 81 91 753.432
91 91 1 11.327
91 91 11 109.626
91 91 21 197.6
91 91 31 287.36
91 91 41 382.641
91 91 51 482.368
91 91 61 558.723
91 91 71 654.171
91 91 81 752.885
91 91 91 849.658
