1 1 1 0.006 2
1 1 101 0.012 102
1 1 201 0.018 202
1 1 301 0.028 302
1 1 401 0.076 402
1 1 501 0.065 502
1 1 601 0.075 602
1 1 701 0.084 702
1 1 801 0.09 802
1 1 901 0.095 902
1 101 1 0.073 102
1 101 101 0.419 202
1 101 201 0.692 302
1 101 301 0.95 402
1 101 401 1.265 502
1 101 501 1.493 602
1 101 601 1.696 702
1 101 701 1.885 802
1 101 801 2.056 902
1 101 901 2.221 1002
1 201 1 0.092 202
1 201 101 0.542 302
1 201 201 1 402
1 201 301 1.406 502
1 201 401 1.784 602
1 201 501 2.138 702
1 201 601 2.469 802
1 201 701 2.773 902
1 201 801 2.96 1002
1 201 901 3.329 1102
1 301 1 0.106 302
1 301 101 0.637 402
1 301 201 1.176 502
1 301 301 1.718 602
1 301 401 2.261 702
1 301 501 2.819 802
1 301 601 3.357 902
1 301 701 3.87 1002
1 301 801 4.312 1102
1 301 901 4.846 1202
1 401 1 0.136 402
1 401 101 0.828 502
1 401 201 1.524 602
1 401 301 2.226 702
1 401 401 2.932 802
1 401 501 3.634 902
1 401 601 4.375 1002
1 401 701 5.072 1102
1 401 801 5.749 1202
1 401 901 6.477 1302
1 501 1 0.17 502
1 501 101 1.036 602
1 501 201 1.909 702
1 501 301 2.795 802
1 501 401 3.801 902
1 501 501 4.577 1002
1 501 601 5.424 1102
1 501 701 6.302 1202
1 501 801 7.19 1302
1 501 901 8.075 1402
1 601 1 0.208 602
1 601 101 1.292 702
1 601 201 2.302 802
1 601 301 3.348 902
1 601 401 4.411 1002
1 601 501 5.457 1102
1 601 601 6.692 1202
1 601 701 7.62 1302
1 601 801 8.908 1402
1 601 901 9.789 1502
1 701 1 0.247 702
1 701 101 1.502 802
1 701 201 2.766 902
1 701 301 4.034 1002
1 701 401 5.297 1102
1 701 501 6.576 1202
1 701 601 7.835 1302
1 701 701 9.121 1402
1 701 801 10.434 1502
1 701 901 11.671 1602
1 801 1 0.281 802
1 801 101 1.724 902
1 801 201 3.076 1002
1 801 301 4.467 1102
1 801 401 6.067 1202
1 801 501 7.51 1302
1 801 601 8.726 1402
1 801 701 10.115 1502
1 801 801 12.188 1602
1 801 901 13.009 1702
1 901 1 0.302 902
1 901 101 1.88 1002
1 901 201 3.455 1102
1 901 301 5.027 1202
1 901 401 6.628 1302
1 901 501 8.191 1402
1 901 601 9.811 1502
1 901 701 11.756 1602
1 901 801 13.111 1702
1 901 901 14.576 1802
101 1 1 0.023 202
101 1 101 0.13 10302
101 1 201 0.241 20402
101 1 301 0.354 30502
101 1 401 0.467 40602
101 1 501 0.576 50702
101 1 601 0.716 60802
101 1 701 0.801 70902
101 1 801 0.917 81002
101 1 901 1.068 91102
101 101 1 0.165 10302
101 101 101 11.723 20402
101 101 201 22.943 30502
101 101 301 33.304 40602
101 101 401 44.386 50702
101 101 501 54.583 60802
101 101 601 66.405 70902
101 101 701 76.907 81002
101 101 801 88.361 91102
101 101 901 100.017 101202
101 201 1 0.298 20402
101 201 101 21.832 30502
101 201 201 47.833 40602
101 201 301 65.902 50702
101 201 401 85.721 60802
101 201 501 105.554 70902
101 201 601 132.713 81002
101 201 701 155.518 91102
101 201 801 173.659 101202
101 201 901 201.442 111302
101 301 1 0.463 30502
101 301 101 32.973 40602
101 301 201 65.321 50702
101 301 301 97.74 60802
101 301 401 128.8 70902
101 301 501 164.68 81002
101 301 601 200.091 91102
101 301 701 230.743 101202
101 301 801 263.61 111302
101 301 901 301.546 121402
101 401 1 0.591 40602
101 401 101 44.719 50702
101 401 201 87.864 60802
101 401 301 127.483 70902
101 401 401 175.052 81002
101 401 501 213.272 91102
101 401 601 263.005 101202
101 401 701 301.894 111302
101 401 801 348.592 121402
101 401 901 394.118 131502
101 501 1 0.731 50702
101 501 101 54.708 60802
101 501 201 107.623 70902
101 501 301 173.785 81002
101 501 401 219.773 91102
101 501 501 267.765 101202
101 501 601 319.386 111302
101 501 701 375.406 121402
101 501 801 435.414 131502
101 501 901 485.763 141602
101 601 1 0.899 60802
101 601 101 67.178 70902
101 601 201 129.963 81002
101 601 301 196.537 91102
101 601 401 257.91 101202
101 601 501 322.156 111302
101 601 601 380.343 121402
101 601 701 451.648 131502
101 601 801 516.332 141602
101 601 901 592.341 151702
101 701 1 0.982 70902
101 701 101 74.552 81002
101 701 201 149.408 91102
101 701 301 225.272 101202
101 701 401 308.006 111302
101 701 501 386.761 121402
101 701 601 455.487 131502
101 701 701 526.287 141602
101 701 801 600.566 151702
101 701 901 678.87 161802
101 801 1 1.121 81002
101 801 101 85.253 91102
101 801 201 169.005 101202
101 801 301 273.984 111302
101 801 401 345.517 121402
101 801 501 430.928 131502
101 801 601 520.092 141602
101 801 701 600.993 151702
101 801 801 688.793 161802
101 801 901 774.498 171902
101 901 1 1.26 91102
101 901 101 96.349 101202
101 901 201 190.931 111302
101 901 301 287.624 121402
101 901 401 387.239 131502
101 901 501 478.371 141602
101 901 601 578.311 151702
101 901 701 672.883 161802
101 901 801 773.275 171902
101 901 901 872.989 182002
201 1 1 0.044 402
201 1 101 0.253 20502
201 1 201 0.463 40602
201 1 301 0.682 60702
201 1 401 0.902 80802
201 1 501 1.117 100902
201 1 601 1.337 121002
201 1 701 1.545 141102
201 1 801 1.811 161202
201 1 901 1.984 181302
201 101 1 0.285 20502
201 101 101 21.146 40602
201 101 201 42.668 60702
201 101 301 64.64 80802
201 101 401 84.776 100902
201 101 501 108.984 121002
201 101 601 131.419 141102
201 101 701 152.068 161202
201 101 801 177.734 181302
201 101 901 205.856 201402
201 201 1 0.538 40602
201 201 101 43.272 60702
201 201 201 85.812 80802
201 201 301 128.298 100902
201 201 401 173.798 121002
201 201 501 217.761 141102
201 201 601 262.028 161202
201 201 701 298.988 181302
201 201 801 347.439 201402
201 201 901 392.439 221502
201 301 1 0.811 60702
201 301 101 64.695 80802
201 301 201 131.59 100902
201 301 301 191.365 121002
201 301 401 258.127 141102
201 301 501 326.516 161202
201 301 601 396.58 181302
201 301 701 452.495 201402
201 301 801 524.106 221502
201 301 901 585.806 241602
201 401 1 1.034 80802
201 401 101 84.509 100902
201 401 201 172.921 121002
201 401 301 260.729 141102
201 401 401 343.397 161202
201 401 501 432.82 181302
201 401 601 531.247 201402
201 401 701 606.909 221502
201 401 801 700.84 241602
201 401 901 772.726 261702
201 501 1 1.287 100902
201 501 101 113.809 121002
201 501 201 215.28 141102
201 501 301 315.758 161202
201 501 401 423.076 181302
201 501 501 541.197 201402
201 501 601 705.109 221502
201 501 701 751.756 241602
201 501 801 869.998 261702
201 501 901 987.955 281802
201 601 1 1.535 121002
201 601 101 130.623 141102
201 601 201 258.482 161202
201 601 301 382.813 181302
201 601 401 524.539 201402
201 601 501 657.72 221502
201 601 601 785.199 241602
201 601 701 895.297 261702
201 601 801 1053.22 281802
201 601 901 1155.81 301902
201 701 1 1.808 141102
201 701 101 148.148 161202
201 701 201 300.923 181302
201 701 301 444.973 201402
201 701 401 599.464 221502
201 701 501 757.024 241602
201 701 601 912.95 261702
201 701 701 1050.37 281802
201 701 801 1201.83 301902
201 701 901 1339.59 322002
201 801 1 1.979 161202
201 801 101 169.686 181302
201 801 201 339.91 201402
201 801 301 520.668 221502
201 801 401 680.8 241602
201 801 501 852.71 261702
201 801 601 1022.08 281802
201 801 701 1220.18 301902
201 801 801 1391.34 322002
201 801 901 1547.84 342102
201 901 1 2.271 181302
201 901 101 193.793 201402
201 901 201 379.089 221502
201 901 301 568.458 241602
201 901 401 762.998 261702
201 901 501 1014.72 281802
201 901 601 1158.67 301902
201 901 701 1338.41 322002
201 901 801 1804.93 342102
201 901 901 1738.82 362202
301 1 1 0.063 602
301 1 101 0.375 30702
301 1 201 0.694 60802
301 1 301 1.023 90902
301 1 401 1.374 121002
301 1 501 1.689 151102
301 1 601 2.295 181202
301 1 701 2.493 211302
301 1 801 2.675 241402
301 1 901 3.002 271502
301 101 1 0.413 30702
301 101 101 31.64 60802
301 101 201 63.164 90902
301 101 301 96.506 121002
301 101 401 129.464 151102
301 101 501 160.229 181202
301 101 601 193.231 211302
301 101 701 230.569 241402
301 101 801 262.667 271502
301 101 901 341.92 301602
301 201 1 0.763 60802
301 201 101 62.849 90902
301 201 201 128.465 121002
301 201 301 188.611 151102
301 201 401 259.677 181202
301 201 501 332.446 211302
301 201 601 392.275 241402
301 201 701 448.942 271502
301 201 801 524.505 301602
301 201 901 669.055 331702
301 301 1 1.111 90902
301 301 101 94.319 121002
301 301 201 190.595 151102
301 301 301 283.377 181202
301 301 401 392.906 211302
301 301 501 487.515 241402
301 301 601 587.504 271502
301 301 701 696.248 301602
301 301 801 783.577 331702
301 301 901 864.271 361802
301 401 1 1.46 121002
301 401 101 128.425 151102
301 401 201 256.79 181202
301 401 301 383.069 211302
301 401 401 522.386 241402
301 401 501 655.821 271502
301 401 601 797.432 301602
301 401 701 914.686 331702
301 401 801 1035.08 361802
301 401 901 1174.56 391902
301 501 1 1.821 151102
301 501 101 157.612 181202
301 501 201 314.746 211302
301 501 301 473.964 241402
301 501 401 683.91 271502
301 501 501 801.215 301602
301 501 601 963.927 331702
301 501 701 1131.73 361802
301 501 801 1325.3 391902
301 501 901 1491.81 422002
301 601 1 2.17 181202
301 601 101 195.407 211302
301 601 201 377.21 241402
301 601 301 573.339 271502
301 601 401 771.397 301602
301 601 501 965.154 331702
301 601 601 1165.29 361802
301 601 701 1361.68 391902
301 601 801 1564.26 422002
301 601 901 1788.37 452102
301 701 1 2.513 211302
301 701 101 224.95 241402
301 701 201 445.367 271502
301 701 301 665.04 301602
301 701 401 912.523 331702
301 701 501 1130.6 361802
301 701 601 1369.54 391902
301 701 701 1593.72 422002
301 701 801 1826.84 452102
301 701 901 2082.13 482202
301 801 1 2.866 241402
301 801 101 252.372 271502
301 801 201 509.146 301602
301 801 301 757.812 331702
301 801 401 1036.62 361802
301 801 501 1292.66 391902
301 801 601 1547.8 422002
301 801 701 1814.32 452102
301 801 801 2122.61 482202
301 801 901 2369.89 512302
301 901 1 3.217 271502
301 901 101 292.604 301602
301 901 201 597.243 331702
301 901 301 863.159 361802
301 901 401 1166.55 391902
301 901 501 1460.59 422002
301 901 601 1763.61 452102
301 901 701 2053.92 482202
301 901 801 2412.58 512302
301 901 901 2681.56 542402
401 1 1 0.083 802
401 1 101 0.505 40902
401 1 201 0.977 81002
401 1 301 1.371 121102
401 1 401 1.836 161202
401 1 501 2.269 201302
401 1 601 2.712 241402
401 1 701 3.263 281502
401 1 801 3.65 321602
401 1 901 4.035 361702
401 101 1 0.543 40902
401 101 101 42.752 81002
401 101 201 86.173 121102
401 101 301 127.577 161202
401 101 401 176.386 201302
401 101 501 220.52 241402
401 101 601 261.119 281502
401 101 701 305.398 321602
401 101 801 377.799 361702
401 101 901 393.254 401802
401 201 1 1.017 81002
401 201 101 86.917 121102
401 201 201 171.84 161202
401 201 301 257.614 201302
401 201 401 354.15 241402
401 201 501 436.676 281502
401 201 601 535.493 321602
401 201 701 609.837 361702
401 201 801 705.152 401802
401 201 901 840.919 441902
401 301 1 1.446 121102
401 301 101 126.06 161202
401 301 201 254.81 201302
401 301 301 381.48 241402
401 301 401 524.949 281502
401 301 501 651.077 321602
401 301 601 796.166 361702
401 301 701 917.255 401802
401 301 801 1092.27 441902
401 301 901 1191.91 482002
401 401 1 1.961 161202
401 401 101 170.239 201302
401 401 201 339.31 241402
401 401 301 514.554 281502
401 401 401 695.089 321602
401 401 501 866.402 361702
401 401 601 1084.4 401802
401 401 701 1215.36 441902
401 401 801 1438.67 482002
401 401 901 1640.95 522102
401 501 1 2.592 201302
401 501 101 211.915 241402
401 501 201 436.189 281502
401 501 301 639.505 321602
401 501 401 876.337 361702
401 501 501 1096.84 401802
401 501 601 1332.57 441902
401 501 701 1538.02 482002
401 501 801 1770.89 522102
401 501 901 2051.14 562202
401 601 1 2.874 241402
401 601 101 253.751 281502
401 601 201 513.821 321602
401 601 301 764.226 361702
401 601 401 1046.88 401802
401 601 501 1298.8 441902
401 601 601 1580.65 482002
401 601 701 1826.18 522102
401 601 801 2165.65 562202
401 601 901 2449.72 602302
401 701 1 3.472 281502
401 701 101 309.122 321602
401 701 201 595.137 361702
401 701 301 924.955 401802
401 701 401 1222.27 441902
401 701 501 1517.9 482002
401 701 601 1883.48 522102
401 701 701 2127.89 562202
401 701 801 2510.27 602302
401 701 901 5764.63 642402
401 801 1 3.733 321602
401 801 101 342.64 361702
401 801 201 684.72 401802
401 801 301 1030.04 441902
401 801 401 1397.87 482002
401 801 501 1764.95 522102
401 801 601 2105.56 562202
401 801 701 2502.92 602302
401 801 801 2855.32 642402
401 801 901 3229.32 682502
401 901 1 4.441 361702
401 901 101 385.758 401802
401 901 201 775.368 441902
401 901 301 1195.64 482002
401 901 401 1563.5 522102
401 901 501 1950.85 562202
401 901 601 2385.36 602302
401 901 701 2786.24 642402
401 901 801 3229.89 682502
401 901 901 3645.28 722602
501 1 1 0.106 1002
501 1 101 0.665 51102
501 1 201 1.233 101202
501 1 301 1.827 151302
501 1 401 2.447 201402
501 1 501 3.027 251502
501 1 601 3.674 301602
501 1 701 4.152 351702
501 1 801 5.14 401802
501 1 901 5.588 451902
501 101 1 0.721 51102
501 101 101 58.061 101202
501 101 201 110.844 151302
501 101 301 166.572 201402
501 101 401 221.37 251502
501 101 501 286.121 301602
501 101 601 336.612 351702
501 101 701 385.945 401802
501 101 801 456.174 451902
501 101 901 536.271 502002
501 201 1 1.337 101202
501 201 101 112.137 151302
501 201 201 219.156 201402
501 201 301 330.214 251502
501 201 401 450.986 301602
501 201 501 555.902 351702
501 201 601 667.358 401802
501 201 701 775.951 451902
501 201 801 890.24 502002
501 201 901 1084.46 552102
501 301 1 1.891 151302
501 301 101 164.499 201402
501 301 201 323.507 251502
501 301 301 496.422 301602
501 301 401 656.859 351702
501 301 501 833.437 401802
501 301 601 990.771 451902
501 301 701 1183.2 502002
501 301 801 1338.91 552102
501 301 901 1519.43 602202
501 401 1 2.413 201402
501 401 101 214.516 251502
501 401 201 429.838 301602
501 401 301 648.25 351702
501 401 401 875.066 401802
501 401 501 1096.5 451902
501 401 601 1344.94 502002
501 401 701 1578.29 552102
501 401 801 1796.06 602202
501 401 901 2046.36 652302
501 501 1 2.912 251502
501 501 101 266.566 301602
501 501 201 563.591 351702
501 501 301 811.65 401802
501 501 401 1101.61 451902
501 501 501 1376.51 502002
501 501 601 1693.28 552102
501 501 701 1911.38 602202
501 501 801 2241.26 652302
501 501 901 2551.84 702402
501 601 1 5.126 301602
501 601 101 326.985 351702
501 601 201 656.938 401802
501 601 301 985.731 451902
501 601 401 1360.99 502002
501 601 501 1651.79 552102
501 601 601 2026.61 602202
501 601 701 2299.08 652302
501 601 801 2750.89 702402
501 601 901 3050.73 752502
501 701 1 4.282 351702
501 701 101 384.921 401802
501 701 201 743.061 451902
501 701 301 1142.08 502002
501 701 401 1528.43 552102
501 701 501 1916.23 602202
501 701 601 2354.38 652302
501 701 701 2704.93 702402
501 701 801 3170.2 752502
501 701 901 3651.63 802602
501 801 1 4.613 401802
501 801 101 425.31 451902
501 801 201 848.69 502002
501 801 301 1286.59 552102
501 801 401 1745.27 602202
501 801 501 2195.45 652302
501 801 601 2675.88 702402
501 801 701 3097.86 752502
501 801 801 3598.73 802602
501 801 901 4120.17 852702
501 901 1 5.185 451902
501 901 101 478.444 502002
501 901 201 956.452 552102
501 901 301 1449.06 602202
501 901 401 1963.83 652302
501 901 501 2489.94 702402
501 901 601 3010.26 752502
501 901 701 3502.5 802602
501 901 801 4063.86 852702
501 901 901 4597.24 902802
601 1 1 0.122 1202
601 1 101 0.751 61302
601 1 201 1.397 121402
601 1 301 2.069 181502
601 1 401 2.766 241602
601 1 501 3.532 301702
601 1 601 4.276 361802
601 1 701 5.43 421902
601 1 801 5.789 482002
601 1 901 6.643 542102
601 101 1 0.79 61302
601 101 101 64.613 121402
601 101 201 127.542 181502
601 101 301 201.281 241602
601 101 401 262.257 301702
601 101 501 335.564 361802
601 101 601 413.724 421902
601 101 701 486.912 482002
601 101 801 614.278 542102
601 101 901 639.021 602202
601 201 1 1.455 121402
601 201 101 128.843 181502
601 201 201 256.541 241602
601 201 301 391.934 301702
601 201 401 526.525 361802
601 201 501 665.336 421902
601 201 601 823.993 482002
601 201 701 980.386 542102
601 201 801 1138.11 602202
601 201 901 1283.93 662302
601 301 1 2.188 181502
601 301 101 195.404 241602
601 301 201 385.657 301702
601 301 301 586.402 361802
601 301 401 800.06 421902
601 301 501 1053.49 482002
601 301 601 1241.07 542102
601 301 701 1425.98 602202
601 301 801 1734.86 662302
601 301 901 2044.18 722402
601 401 1 2.792 241602
601 401 101 259.233 301702
601 401 201 521.513 361802
601 401 301 774.771 421902
601 401 401 1099.87 482002
601 401 501 1336.71 542102
601 401 601 1620.62 602202
601 401 701 1919.07 662302
601 401 801 2203.53 722402
601 401 901 2578.68 782502
601 501 1 3.567 301702
601 501 101 322.062 361802
601 501 201 665.068 421902
601 501 301 972.873 482002
601 501 401 1336.79 542102
601 501 501 1681.11 602202
601 501 601 2058.19 662302
601 501 701 2388.62 722402
601 501 801 2863.33 782502
601 501 901 3211.35 842602
601 601 1 4.686 361802
601 601 101 383.604 421902
601 601 201 770.329 482002
601 601 301 1159.35 542102
601 601 401 1633.08 602202
601 601 501 1996.46 662302
601 601 601 2490.91 722402
601 601 701 2877.64 782502
601 601 801 3416.84 842602
601 601 901 3908.79 902702
601 701 1 4.83 421902
601 701 101 453.729 482002
601 701 201 898.301 542102
601 701 301 1358.97 602202
601 701 401 1940.55 662302
601 701 501 2342.25 722402
601 701 601 2906.77 782502
601 701 701 3412.87 842602
601 701 801 3953.32 902702
601 701 901 4458.13 962802
601 801 1 5.735 482002
601 801 101 526.797 542102
601 801 201 1022.12 602202
601 801 301 1552.91 662302
601 801 401 2162.92 722402
601 801 501 2673.94 782502
601 801 601 3310.28 842602
601 801 701 3854.16 902702
601 801 801 4540.52 962802
601 801 901 5128.76 1022902
601 901 1 6.19 542102
601 901 101 573.411 602202
601 901 201 1146.98 662302
601 901 301 1741.64 722402
601 901 401 2432.11 782502
601 901 501 3005.37 842602
601 901 601 3657.78 902702
601 901 701 4326.36 962802
601 901 801 5071.88 1022902
601 901 901 5750.78 1083002
701 1 1 0.146 1402
701 1 101 0.928 71502
701 1 201 1.729 141602
701 1 301 2.56 211702
701 1 401 3.418 281802
701 1 501 4.251 351902
701 1 601 5.296 422002
701 1 701 5.799 492102
701 1 801 6.791 562202
701 1 901 7.831 632302
701 101 1 1.527 71502
701 101 101 80.018 141602
701 101 201 152.371 211702
701 101 301 224.38 281802
701 101 401 306.752 351902
701 101 501 389.612 422002
701 101 601 470.833 492102
701 101 701 567.35 562202
701 101 801 662.614 632302
701 101 901 747.945 702402
701 201 1 1.708 141602
701 201 101 150.078 211702
701 201 201 297.617 281802
701 201 301 474.522 351902
701 201 401 618.188 422002
701 201 501 777.633 492102
701 201 601 939.431 562202
701 201 701 1122.72 632302
701 201 801 1346.38 702402
701 201 901 1488.91 772502
701 301 1 2.551 211702
701 301 101 224.086 281802
701 301 201 452.934 351902
701 301 301 678.716 422002
701 301 401 919.193 492102
701 301 501 1170.38 562202
701 301 601 1413.47 632302
701 301 701 1653.55 702402
701 301 801 2044.37 772502
701 301 901 2247.34 842602
701 401 1 3.235 281802
701 401 101 298.348 351902
701 401 201 596.876 422002
701 401 301 911.741 492102
701 401 401 1224.69 562202
701 401 501 1549.07 632302
701 401 601 1924.02 702402
701 401 701 2199.96 772502
701 401 801 2623.09 842602
701 401 901 2998.32 912702
701 501 1 4.136 351902
701 501 101 376.399 422002
701 501 201 749.462 492102
701 501 301 1149.01 562202
701 501 401 1533.93 632302
701 501 501 1942.86 702402
701 501 601 2421.52 772502
701 501 701 2793.99 842602
701 501 801 3253.05 912702
701 501 901 3746.55 982802
701 601 1 4.795 422002
701 601 101 449.03 492102
701 601 201 903.016 562202
701 601 301 1358.53 632302
701 601 401 1847.28 702402
701 601 501 2324.26 772502
701 601 601 2899.54 842602
701 601 701 3394.77 912702
701 601 801 3980.66 982802
701 601 901 4530.8 1052902
701 701 1 12.081 492102
701 701 101 531.474 562202
701 701 201 1048.91 632302
701 701 301 1571.79 702402
701 701 401 2202.29 772502
701 701 501 2703.2 842602
701 701 601 3366.43 912702
701 701 701 3957.4 982802
701 701 801 4662.4 1052902
701 701 901 5250.91 1123002
701 801 1 6.776 562202
701 801 101 593.528 632302
701 801 201 1195.9 702402
701 801 301 1804.09 772502
701 801 401 2449.56 842602
701 801 501 3125.52 912702
701 801 601 3850.95 982802
701 801 701 4524.22 1052902
701 801 801 5296.29 1123002
701 801 901 6042.95 1193102
701 901 1 7.208 632302
701 901 101 670.021 702402
701 901 201 1360.14 772502
701 901 301 2041.08 842602
701 901 401 2770.51 912702
701 901 501 3508.95 982802
701 901 601 4325.62 1052902
701 901 701 5086.18 1123002
701 901 801 5965.64 1193102
701 901 901 6820.82 1263202
801 1 1 0.17 1602
801 1 101 1.033 81702
801 1 201 1.972 161802
801 1 301 2.762 241902
801 1 401 3.69 322002
801 1 501 4.611 402102
801 1 601 6.181 482202
801 1 701 6.77 562302
801 1 801 7.961 642402
801 1 901 9.265 722502
801 101 1 1.079 81702
801 101 101 87.961 161802
801 101 201 174.933 241902
801 101 301 266.576 322002
801 101 401 357.969 402102
801 101 501 448.519 482202
801 101 601 558.269 562302
801 101 701 653.406 642402
801 101 801 837.555 722502
801 101 901 892.528 802602
801 201 1 1.92 161802
801 201 101 169.864 241902
801 201 201 345.947 322002
801 201 301 519.769 402102
801 201 401 704.323 482202
801 201 501 893.394 562302
801 201 601 1126.69 642402
801 201 701 1280.83 722502
801 201 801 1523.13 802602
801 201 901 1790.5 882702
801 301 1 2.798 241902
801 301 101 255.205 322002
801 301 201 517.266 402102
801 301 301 772.779 482202
801 301 401 1057.33 562302
801 301 501 1333.4 642402
801 301 601 1656.47 722502
801 301 701 1935.43 802602
801 301 801 2317.19 882702
801 301 901 2629.09 962802
801 401 1 3.679 322002
801 401 101 347.36 402102
801 401 201 682.989 482202
801 401 301 1056.89 562302
801 401 401 1416.64 642402
801 401 501 1779.03 722502
801 401 601 2202.37 802602
801 401 701 2588.11 882702
801 401 801 3075.14 962802
801 401 901 3565.46 1042902
801 501 1 4.583 402102
801 501 101 423.82 482202
801 501 201 859.539 562302
801 501 301 1310.88 642402
801 501 401 1796.94 722502
801 501 501 2215.33 802602
801 501 601 2749.46 882702
801 501 701 3221.71 962802
801 501 801 3857.83 1042902
801 501 901 4357.15 1123002
801 601 1 5.494 482202
801 601 101 511.289 562302
801 601 201 1026.24 642402
801 601 301 1573.22 722502
801 601 401 2116.5 802602
801 601 501 2694.25 882702
801 601 601 3275.83 962802
801 601 701 3860.92 1042902
801 601 801 4587.59 1123002
801 601 901 5236.74 1203102
801 701 1 6.683 562302
801 701 101 594.91 642402
801 701 201 1206.17 722502
801 701 301 1806.88 802602
801 701 401 2509.86 882702
801 701 501 3085.76 962802
801 701 601 3847.15 1042902
801 701 701 4483.35 1123002
801 701 801 5379.09 1203102
801 701 901 5669.42 1283202
801 801 1 7.358 642402
801 801 101 674.25 722502
801 801 201 1368.58 802602
801 801 301 2035.5 882702
801 801 401 2775.19 962802
801 801 501 3459.64 1042902
801 801 601 4186.48 1123002
801 801 701 4878.89 1203102
801 801 801 5747.13 1283202
801 801 901 6474.47 1363302
801 901 1 8.28 722502
801 901 101 796.791 802602
801 901 201 1520.9 882702
801 901 301 2296.46 962802
801 901 401 3115.25 1042902
801 901 501 3861.08 1123002
801 901 601 4727.72 1203102
801 901 701 5522.23 1283202
801 901 801 6386.24 1363302
801 901 901 7182.35 1443402
901 1 1 0.185 1802
901 1 101 1.121 91902
901 1 201 2.094 182002
901 1 301 3.1 272102
901 1 401 4.168 362202
901 1 501 5.304 452302
901 1 601 6.349 542402
901 1 701 8.993 632502
901 1 801 9.238 722602
901 1 901 10.656 812702
901 101 1 1.164 91902
901 101 101 95.849 182002
901 101 201 217.761 272102
901 101 301 293.665 362202
901 101 401 394.92 452302
901 101 501 507.216 542402
901 101 601 614.557 632502
901 101 701 728.233 722602
901 101 801 870.79 812702
901 101 901 1051.14 902802
901 201 1 2.181 182002
901 201 101 193.505 272102
901 201 201 383.941 362202
901 201 301 586.52 452302
901 201 401 802.218 542402
901 201 501 1005.53 632502
901 201 601 1228.3 722602
901 201 701 1548.88 812702
901 201 801 1748.76 902802
901 201 901 2033.42 992902
901 301 1 3.138 272102
901 301 101 286.104 362202
901 301 201 581.955 452302
901 301 301 874.976 542402
901 301 401 1196.59 632502
901 301 501 1558.04 722602
901 301 601 1837.24 812702
901 301 701 2219.42 902802
901 301 801 2672.12 992902
901 301 901 3012.57 1083002
901 401 1 4.128 362202
901 401 101 383.38 452302
901 401 201 767.398 542402
901 401 301 1161.8 632502
901 401 401 1588.65 722602
901 401 501 2023.24 812702
901 401 601 2476.86 902802
901 401 701 3002.31 992902
901 401 801 3566.97 1083002
901 401 901 4046.46 1173102
901 501 1 5.273 452302
901 501 101 480.219 542402
901 501 201 972.109 632502
901 501 301 1458.44 722602
901 501 401 2026.8 812702
901 501 501 2514.36 902802
901 501 601 3146.49 992902
901 501 701 3740.05 1083002
901 501 801 4437.64 1173102
901 501 901 4942.56 1263202
901 601 1 6.31 542402
901 601 101 579.048 632502
901 601 201 1149.29 722602
901 601 301 1749.26 812702
901 601 401 2404.86 902802
901 601 501 3008.24 992902
901 601 601 3731.63 1083002
901 601 701 4461.81 1173102
901 601 801 5168.33 1263202
901 601 901 5931.41 1353302
901 701 1 7.796 632502
901 701 101 686.195 722602
901 701 201 1368.31 812702
901 701 301 2059.94 902802
901 701 401 2813.24 992902
901 701 501 3535.28 1083002
901 701 601 4368.39 1173102
901 701 701 5252.23 1263202
901 701 801 6198.01 1353302
901 701 901 7053.65 1443402
901 801 1 8.668 722602
901 801 101 782.234 812702
901 801 201 1548.73 902802
901 801 301 2335.32 992902
901 801 401 3218.87 1083002
901 801 501 4073.42 1173102
901 801 601 5017.04 1263202
901 801 701 6067.87 1353302
901 801 801 7089.1 1443402
901 801 901 7918.2 1533502
901 901 1 9.513 812702
901 901 101 879.129 902802
901 901 201 1737.73 992902
901 901 301 2599.01 1083002
901 901 401 3586.99 1173102
901 901 501 4545.81 1263202
901 901 601 5608.93 1353302
901 901 701 6678.47 1443402
901 901 801 7838.06 1533502
901 901 901 9055.75 1623602
