1 1 1 0.004
1 1 1001 1.272
1 1 2001 2.524
1 1 3001 3.557
1 1 4001 4.584
1 1001 1 3.133
1 1001 1001 632.832
1 1001 2001 1151.39
1 1001 3001 1797.41
1 1001 4001 2292.79
1 2001 1 2.846
1 2001 1001 1138.68
1 2001 2001 2316.84
1 2001 3001 3694.71
1 2001 4001 4656.13
1 3001 1 4.581
1 3001 1001 1804.76
1 3001 2001 3668.87
1 3001 3001 5572.46
1 3001 4001 7258.82
1 4001 1 6.171
1 4001 1001 2316.37
1 4001 2001 4718.59
1 4001 3001 7489.44
1 4001 4001 9501.05
1001 1 1 0.29
1001 1 1001 382.216
1001 1 2001 785.731
1001 1 3001 1145.58
1001 1 4001 1541.03
1001 1001 1 522.639
1001 1001 1001 472031
1001 1001 2001 944245
1001 1001 3001 1.46969e+06
1001 1001 4001 1.88717e+06
1001 2001 1 1045.65
1001 2001 1001 942527
1001 2001 2001 1.88341e+06
1001 2001 3001 2.93063e+06
1001 2001 4001 3.76637e+06
1001 3001 1 1520.9
1001 3001 1001 1.40287e+06
1001 3001 2001 2.80112e+06
1001 3001 3001 4.20382e+06
1001 3001 4001 5.59635e+06
1001 4001 1 2111.07
1001 4001 1001 1.88381e+06
1001 4001 2001 3.76823e+06
1001 4001 3001 5.85828e+06
1001 4001 4001 7.52862e+06
2001 1 1 0.704
2001 1 1001 775.759
2001 1 2001 1532.42
2001 1 3001 2281.26
2001 1 4001 3106.28
2001 1001 1 1065.23
2001 1001 1001 941532
