1 1 1 0.009 2
1 1 31 0.011 32
1 1 61 0.014 62
1 1 91 0.01 92
1 1 121 0.017 122
1 1 151 0.021 152
1 1 181 0.024 182
1 1 211 0.033 212
1 1 241 0.029 242
1 1 271 0.03 272
1 31 1 0.05 32
1 31 31 0.126 62
1 31 61 0.183 92
1 31 91 0.164 122
1 31 121 0.206 152
1 31 151 0.275 182
1 31 181 0.331 212
1 31 211 0.311 242
1 31 241 0.36 272
1 31 271 0.392 302
1 61 1 0.054 62
1 61 31 0.127 92
1 61 61 0.201 122
1 61 91 0.283 152
1 61 121 0.453 182
1 61 151 0.417 212
1 61 181 0.49 242
1 61 211 0.526 272
1 61 241 0.594 302
1 61 271 0.66 332
1 91 1 0.069 92
1 91 31 0.164 122
1 91 61 0.258 152
1 91 91 0.379 182
1 91 121 0.449 212
1 91 151 0.547 242
1 91 181 0.6 272
1 91 211 0.695 302
1 91 241 0.777 332
1 91 271 0.817 362
1 121 1 0.079 122
1 121 31 0.193 152
1 121 61 0.306 182
1 121 91 0.417 212
1 121 121 0.433 242
1 121 151 0.524 272
1 121 181 0.617 302
1 121 211 0.706 332
1 121 241 0.799 362
1 121 271 0.89 392
1 151 1 0.076 152
1 151 31 0.188 182
1 151 61 0.298 212
1 151 91 0.407 242
1 151 121 0.494 272
1 151 151 0.603 302
1 151 181 0.527 332
1 151 211 0.611 362
1 151 241 0.693 392
1 151 271 0.77 422
1 181 1 0.065 182
1 181 31 0.162 212
1 181 61 0.256 242
1 181 91 0.348 272
1 181 121 0.443 302
1 181 151 0.543 332
1 181 181 0.634 362
1 181 211 0.737 392
1 181 241 0.805 422
1 181 271 0.899 452
1 211 1 0.072 212
1 211 31 0.182 242
1 211 61 0.288 272
1 211 91 0.395 302
1 211 121 0.501 332
1 211 151 0.608 362
1 211 181 0.72 392
1 211 211 0.835 422
1 211 241 0.942 452
1 211 271 1.053 482
1 241 1 0.083 242
1 241 31 0.208 272
1 241 61 0.349 302
1 241 91 0.451 332
1 241 121 0.572 362
1 241 151 0.7 392
1 241 181 0.849 422
1 241 211 0.951 452
1 241 241 1.082 482
1 241 271 1.201 512
1 271 1 0.093 272
1 271 31 0.251 302
1 271 61 0.369 332
1 271 91 0.528 362
1 271 121 0.657 392
1 271 151 0.817 422
1 271 181 0.93 452
1 271 211 1.075 482
1 271 241 1.215 512
1 271 271 1.358 542
31 1 1 0.007 62
31 1 31 0.019 992
31 1 61 0.029 1922
31 1 91 0.039 2852
31 1 121 0.05 3782
31 1 151 0.061 4712
31 1 181 0.071 5642
31 1 211 0.081 6572
31 1 241 0.092 7502
31 1 271 0.103 8432
31 31 1 0.028 992
31 31 31 0.343 1922
31 31 61 0.658 2852
31 31 91 1 3782
31 31 121 1.288 4712
31 31 151 1.602 5642
31 31 181 1.92 6572
31 31 211 2.233 7502
31 31 241 2.549 8432
31 31 271 2.866 9362
31 61 1 0.049 1922
31 61 31 0.671 2852
31 61 61 1.286 3782
31 61 91 1.91 4712
31 61 121 2.527 5642
31 61 151 3.151 6572
31 61 181 3.76 7502
31 61 211 4.389 8432
31 61 241 5.012 9362
31 61 271 5.633 10292
31 91 1 0.069 2852
31 91 31 0.991 3782
31 91 61 1.919 4712
31 91 91 2.844 5642
31 91 121 3.762 6572
31 91 151 4.693 7502
31 91 181 5.611 8432
31 91 211 6.565 9362
31 91 241 7.462 10292
31 91 271 8.4 11222
31 121 1 0.089 3782
31 121 31 1.315 4712
31 121 61 2.541 5642
31 121 91 3.78 6572
31 121 121 5.013 7502
31 121 151 6.232 8432
31 121 181 7.445 9362
31 121 211 8.872 10292
31 121 241 10.035 11222
31 121 271 11.211 12152
31 151 1 0.108 4712
31 151 31 1.663 5642
31 151 61 3.174 6572
31 151 91 4.702 7502
31 151 121 6.239 8432
31 151 151 7.788 9362
31 151 181 9.34 10292
31 151 211 10.885 11222
31 151 241 12.387 12152
31 151 271 13.966 13082
31 181 1 0.129 5642
31 181 31 1.967 6572
31 181 61 3.825 7502
31 181 91 5.64 8432
31 181 121 7.477 9362
31 181 151 9.339 10292
31 181 181 13.653 11222
31 181 211 16.307 12152
31 181 241 15.314 13082
31 181 271 16.731 14012
31 211 1 0.148 6572
31 211 31 2.29 7502
31 211 61 4.458 8432
31 211 91 6.576 9362
31 211 121 8.71 10292
31 211 151 10.886 11222
31 211 181 13.487 12152
31 211 211 15.689 13082
31 211 241 17.796 14012
31 211 271 20.074 14942
31 241 1 0.177 7502
31 241 31 2.713 8432
31 241 61 5.229 9362
31 241 91 7.789 10292
31 241 121 10.357 11222
31 241 151 12.825 12152
31 241 181 16.059 13082
31 241 211 17.563 14012
31 241 241 20.343 14942
31 241 271 23.117 15872
31 271 1 0.188 8432
31 271 31 2.966 9362
31 271 61 5.844 10292
31 271 91 9.299 11222
31 271 121 11.797 12152
31 271 151 14.668 13082
31 271 181 17.309 14012
31 271 211 19.633 14942
31 271 241 22.377 15872
31 271 271 25.22 16802
61 1 1 0.015 122
61 1 31 0.034 1952
61 1 61 0.054 3782
61 1 91 0.074 5612
61 1 121 0.095 7442
61 1 151 0.183 9272
61 1 181 0.141 11102
61 1 211 0.163 12932
61 1 241 0.183 14762
61 1 271 0.207 16592
61 31 1 0.047 1952
61 31 31 0.675 3782
61 31 61 1.476 5612
61 31 91 1.936 7442
61 31 121 2.567 9272
61 31 151 3.186 11102
61 31 181 3.806 12932
61 31 211 4.441 14762
61 31 241 5.218 16592
61 31 271 5.711 18422
61 61 1 0.078 3782
61 61 31 1.311 5612
61 61 61 2.546 7442
61 61 91 3.779 9272
61 61 121 5.089 11102
61 61 151 6.302 12932
61 61 181 7.485 14762
61 61 211 8.756 16592
61 61 241 10.017 18422
61 61 271 11.403 20252
61 91 1 0.109 5612
61 91 31 2.033 7442
61 91 61 3.767 9272
61 91 91 5.495 11102
61 91 121 7.329 12932
61 91 151 9.333 14762
61 91 181 11.342 16592
61 91 211 12.926 18422
61 91 241 18.3 20252
61 91 271 24.258 22082
61 121 1 0.14 7442
61 121 31 2.626 9272
61 121 61 5.039 11102
61 121 91 7.587 12932
61 121 121 10.024 14762
61 121 151 12.392 16592
61 121 181 14.912 18422
61 121 211 16.993 20252
61 121 241 19.282 22082
61 121 271 22.24 23912
61 151 1 0.172 9272
61 151 31 3.238 11102
61 151 61 7.93 12932
61 151 91 9.146 14762
61 151 121 11.906 16592
61 151 151 14.591 18422
61 151 181 17.438 20252
61 151 211 20.577 22082
61 151 241 24.449 23912
61 151 271 27.561 25742
61 181 1 0.201 11102
61 181 31 3.892 12932
61 181 61 7.508 14762
61 181 91 11.131 16592
61 181 121 14.437 18422
61 181 151 17.966 20252
61 181 181 21.515 22082
61 181 211 25.872 23912
61 181 241 28.627 25742
61 181 271 32.349 27572
61 211 1 0.223 12932
61 211 31 4.394 14762
61 211 61 8.635 16592
61 211 91 13.017 18422
61 211 121 17.286 20252
61 211 151 21.563 22082
61 211 181 25.441 23912
61 211 211 29.316 25742
61 211 241 36.844 27572
61 211 271 38.655 29402
61 241 1 0.262 14762
61 241 31 5.126 16592
61 241 61 10.009 18422
61 241 91 14.758 20252
61 241 121 19.166 22082
61 241 151 23.898 23912
61 241 181 28.606 25742
61 241 211 34.051 27572
61 241 241 37.778 29402
61 241 271 43.214 31232
61 271 1 0.315 16592
61 271 31 6.307 18422
61 271 61 10.993 20252
61 271 91 16.259 22082
61 271 121 22.379 23912
61 271 151 26.63 25742
61 271 181 31.253 27572
61 271 211 36.808 29402
61 271 241 43.285 31232
61 271 271 47.6 33062
91 1 1 0.036 182
91 1 31 0.051 2912
91 1 61 0.08 5642
91 1 91 0.108 8372
91 1 121 0.137 11102
91 1 151 0.166 13832
91 1 181 0.194 16562
91 1 211 0.223 19292
91 1 241 0.252 22022
91 1 271 0.286 24752
91 31 1 0.061 2912
91 31 31 0.934 5642
91 31 61 1.806 8372
91 31 91 2.681 11102
91 31 121 3.557 13832
91 31 151 4.437 16562
91 31 181 5.498 19292
91 31 211 6.211 22022
91 31 241 7.085 24752
91 31 271 7.935 27482
91 61 1 0.099 5642
91 61 31 1.884 8372
91 61 61 3.654 11102
91 61 91 5.254 13832
91 61 121 6.979 16562
91 61 151 10.211 19292
91 61 181 11.07 22022
91 61 211 12.92 24752
91 61 241 14.763 27482
91 61 271 16.574 30212
91 91 1 0.145 8372
91 91 31 2.87 11102
91 91 61 5.603 13832
91 91 91 8.326 16562
91 91 121 11.05 19292
91 91 151 13.827 22022
91 91 181 15.962 24752
91 91 211 18.347 27482
91 91 241 21.356 30212
91 91 271 23.433 32942
91 121 1 0.176 11102
91 121 31 3.598 13832
91 121 61 7.068 16562
91 121 91 11.1 19292
91 121 121 14.559 22022
91 121 151 17.776 24752
91 121 181 21.309 27482
91 121 211 25.039 30212
91 121 241 29.327 32942
91 121 271 32.872 35672
91 151 1 0.226 13832
91 151 31 4.766 16562
91 151 61 9.097 19292
91 151 91 13.469 22022
91 151 121 18.14 24752
91 151 151 22.38 27482
91 151 181 26.791 30212
91 151 211 31.917 32942
91 151 241 35.917 35672
91 151 271 39.935 38402
91 181 1 0.263 16562
91 181 31 5.514 19292
91 181 61 10.766 22022
91 181 91 15.962 24752
91 181 121 21.792 27482
91 181 151 27.354 30212
91 181 181 32.842 32942
91 181 211 38.062 35672
91 181 241 43.179 38402
91 181 271 47.484 41132
91 211 1 0.297 19292
91 211 31 6.558 22022
91 211 61 12.554 24752
91 211 91 19.147 27482
91 211 121 25.589 30212
91 211 151 31.989 32942
91 211 181 37.023 35672
91 211 211 42.765 38402
91 211 241 50.212 41132
91 211 271 56.148 43862
91 241 1 0.346 22022
91 241 31 7.594 24752
91 241 61 14.606 27482
91 241 91 21.916 30212
91 241 121 29.162 32942
91 241 151 35.83 35672
91 241 181 42.856 38402
91 241 211 50.577 41132
91 241 241 57.618 43862
91 241 271 64.925 46592
91 271 1 0.378 24752
91 271 31 8.541 27482
91 271 61 16.345 30212
91 271 91 24.777 32942
91 271 121 32.582 35672
91 271 151 61.963 38402
91 271 181 47.668 41132
91 271 211 55.208 43862
91 271 241 65.434 46592
91 271 271 70.868 49322
121 1 1 0.028 242
121 1 31 0.068 3872
121 1 61 0.105 7502
121 1 91 0.145 11132
121 1 121 0.182 14762
121 1 151 0.222 18392
121 1 181 0.27 22022
121 1 211 0.336 25652
121 1 241 0.351 29282
121 1 271 0.401 32912
121 31 1 0.078 3872
121 31 31 1.319 7502
121 31 61 2.539 11132
121 31 91 3.775 14762
121 31 121 5.009 18392
121 31 151 6.243 22022
121 31 181 7.468 25652
121 31 211 8.714 29282
121 31 241 9.943 32912
121 31 271 11.185 36542
121 61 1 0.13 7502
121 61 31 2.549 11132
121 61 61 4.973 14762
121 61 91 7.425 18392
121 61 121 9.847 22022
121 61 151 12.238 25652
121 61 181 14.574 29282
121 61 211 16.719 32912
121 61 241 19.044 36542
121 61 271 21.363 40172
121 91 1 0.174 11132
121 91 31 3.679 14762
121 91 61 7.21 18392
121 91 91 10.893 22022
121 91 121 14.755 25652
121 91 151 18.235 29282
121 91 181 21.455 32912
121 91 211 25.549 36542
121 91 241 28.481 40172
121 91 271 31.855 43802
121 121 1 0.226 14762
121 121 31 4.881 18392
121 121 61 9.57 22022
121 121 91 14.231 25652
121 121 121 19.347 29282
121 121 151 23.632 32912
121 121 181 27.367 36542
121 121 211 31.896 40172
121 121 241 36.476 43802
121 121 271 40.972 47432
121 151 1 0.266 18392
121 151 31 5.905 22022
121 151 61 11.606 25652
121 151 91 17.266 29282
121 151 121 22.857 32912
121 151 151 28.577 36542
121 151 181 34.275 40172
121 151 211 40.171 43802
121 151 241 52.7 47432
121 151 271 53.473 51062
121 181 1 0.349 22022
121 181 31 7.289 25652
121 181 61 14.332 29282
121 181 91 21.912 32912
121 181 121 28.951 36542
121 181 151 45.48 40172
121 181 181 43.315 43802
121 181 211 49.605 47432
121 181 241 57.856 51062
121 181 271 63.248 54692
121 211 1 0.382 25652
121 211 31 8.754 29282
121 211 61 17.617 32912
121 211 91 25.526 36542
121 211 121 33.889 40172
121 211 151 41.664 43802
121 211 181 50.463 47432
121 211 211 58.931 51062
121 211 241 66.08 54692
121 211 271 74.265 58322
121 241 1 0.45 29282
121 241 31 11.887 32912
121 241 61 19.164 36542
121 241 91 28.422 40172
121 241 121 37.811 43802
121 241 151 47.116 47432
121 241 181 56.775 51062
121 241 211 65.975 54692
121 241 241 76.018 58322
121 241 271 85.855 61952
121 271 1 0.456 32912
121 271 31 10.582 36542
121 271 61 21.924 40172
121 271 91 32.938 43802
121 271 121 41.282 47432
121 271 151 51.25 51062
121 271 181 61.32 54692
121 271 211 71.95 58322
121 271 241 82.947 61952
121 271 271 95.019 65582
151 1 1 0.033 302
151 1 31 0.081 4832
151 1 61 0.129 9362
151 1 91 0.179 13892
151 1 121 0.227 18422
151 1 151 0.277 22952
151 1 181 0.325 27482
151 1 211 0.374 32012
151 1 241 0.425 36542
151 1 271 0.498 41072
151 31 1 0.092 4832
151 31 31 1.58 9362
151 31 61 3.067 13892
151 31 91 4.624 18422
151 31 121 6.041 22952
151 31 151 7.528 27482
151 31 181 9.035 32012
151 31 211 10.508 36542
151 31 241 12.042 41072
151 31 271 13.522 45602
151 61 1 0.151 9362
151 61 31 3.243 13892
151 61 61 6.072 18422
151 61 91 9.062 22952
151 61 121 11.949 27482
151 61 151 14.783 32012
151 61 181 17.746 36542
151 61 211 20.711 41072
151 61 241 23.587 45602
151 61 271 26.878 50132
151 91 1 0.21 13892
151 91 31 4.571 18422
151 91 61 8.965 22952
151 91 91 13.836 27482
151 91 121 17.832 32012
151 91 151 22.095 36542
151 91 181 26.432 41072
151 91 211 31.216 45602
151 91 241 35.839 50132
151 91 271 40.313 54662
151 121 1 0.278 18422
151 121 31 6.066 22952
151 121 61 11.908 27482
151 121 91 17.667 32012
151 121 121 23.498 36542
151 121 151 29.534 41072
151 121 181 35.491 45602
151 121 211 40.976 50132
151 121 241 46.829 54662
151 121 271 52.639 59192
151 151 1 0.327 22952
151 151 31 7.586 27482
151 151 61 14.837 32012
151 151 91 22.751 36542
151 151 121 30.206 41072
151 151 151 37.699 45602
151 151 181 45.168 50132
151 151 211 52.506 54662
151 151 241 58.885 59192
151 151 271 64.954 63722
151 181 1 0.398 27482
151 181 31 9.345 32012
151 181 61 18.395 36542
151 181 91 27.896 41072
151 181 121 35.764 45602
151 181 151 45.197 50132
151 181 181 53.208 54662
151 181 211 74.265 59192
151 181 241 73.284 63722
151 181 271 81.275 68252
151 211 1 0.459 32012
151 211 31 10.886 36542
151 211 61 21.334 41072
151 211 91 31.553 45602
151 211 121 41.097 50132
151 211 151 52.369 54662
151 211 181 64.215 59192
151 211 211 72.649 63722
151 211 241 81.638 68252
151 211 271 93.705 72782
151 241 1 0.518 36542
151 241 31 13.575 41072
151 241 61 23.913 45602
151 241 91 35.301 50132
151 241 121 47.016 54662
151 241 151 58.4 59192
151 241 181 69.131 63722
151 241 211 81.837 68252
151 241 241 93.341 72782
151 241 271 106.336 77312
151 271 1 0.582 41072
151 271 31 13.858 45602
151 271 61 27.409 50132
151 271 91 40.885 54662
151 271 121 58.947 59192
151 271 151 77.761 63722
151 271 181 81.391 68252
151 271 211 92.842 72782
151 271 241 103.372 77312
151 271 271 118.642 81842
181 1 1 0.039 362
181 1 31 0.096 5792
181 1 61 0.155 11222
181 1 91 0.216 16652
181 1 121 0.271 22082
181 1 151 0.33 27512
181 1 181 0.388 32942
181 1 211 0.447 38372
181 1 241 0.522 43802
181 1 271 0.595 49232
181 31 1 0.108 5792
181 31 31 1.89 11222
181 31 61 3.681 16652
181 31 91 5.477 22082
181 31 121 7.248 27512
181 31 151 9.029 32942
181 31 181 10.805 38372
181 31 211 12.571 43802
181 31 241 14.413 49232
181 31 271 16.529 54662
181 61 1 0.176 11222
181 61 31 3.696 16652
181 61 61 7.21 22082
181 61 91 10.736 27512
181 61 121 14.63 32942
181 61 151 18.256 38372
181 61 181 21.879 43802
181 61 211 25.252 49232
181 61 241 28.217 54662
181 61 271 31.803 60092
181 91 1 0.244 16652
181 91 31 5.468 22082
181 91 61 10.847 27512
181 91 91 16.096 32942
181 91 121 21.245 38372
181 91 151 26.65 43802
181 91 181 31.689 49232
181 91 211 36.852 54662
181 91 241 42.98 60092
181 91 271 47.173 65522
181 121 1 0.316 22082
181 121 31 7.309 27512
181 121 61 13.898 32942
181 121 91 20.633 38372
181 121 121 28.528 43802
181 121 151 34.557 49232
181 121 181 41.023 54662
181 121 211 47.927 60092
181 121 241 57.576 65522
181 121 271 62.157 70952
181 151 1 0.387 27512
181 151 31 9.11 32942
181 151 61 17.753 38372
181 151 91 26.465 43802
181 151 121 35.283 49232
181 151 151 43.86 54662
181 151 181 52.329 60092
181 151 211 61.106 65522
181 151 241 69.515 70952
181 151 271 78.364 76382
181 181 1 0.448 32942
181 181 31 11.183 38372
181 181 61 21.65 43802
181 181 91 32.271 49232
181 181 121 41.774 54662
181 181 151 52.034 60092
181 181 181 63.57 65522
181 181 211 111.07 70952
181 181 241 88.298 76382
181 181 271 94.781 81812
181 211 1 0.533 38372
181 211 31 12.722 43802
181 211 61 24.883 49232
181 211 91 36.5 54662
181 211 121 49.011 60092
181 211 151 60.615 65522
181 211 181 73.072 70952
181 211 211 86.289 76382
181 211 241 100.603 81812
181 211 271 111.351 87242
181 241 1 0.584 43802
181 241 31 14.429 49232
181 241 61 28.307 54662
181 241 91 42.122 60092
181 241 121 56.01 65522
181 241 151 69.825 70952
181 241 181 83.322 76382
181 241 211 97.616 81812
181 241 241 111.91 87242
181 241 271 125.491 92672
181 271 1 0.652 49232
181 271 31 16.415 54662
181 271 61 32.527 60092
181 271 91 47.335 65522
181 271 121 63.1 70952
181 271 151 78.595 76382
181 271 181 94.115 81812
181 271 211 109.771 87242
181 271 241 125.71 92672
181 271 271 140.989 98102
211 1 1 0.046 422
211 1 31 0.12 6752
211 1 61 0.189 13082
211 1 91 0.272 19412
211 1 121 0.335 25742
211 1 151 0.573 32072
211 1 181 0.757 38402
211 1 211 0.863 44732
211 1 241 0.647 51062
211 1 271 0.702 57392
211 31 1 0.126 6752
211 31 31 2.27 13082
211 31 61 4.579 19412
211 31 91 6.742 25742
211 31 121 8.956 32072
211 31 151 11.154 38402
211 31 181 12.828 44732
211 31 211 14.816 51062
211 31 241 17.283 57392
211 31 271 19.553 63722
211 61 1 0.208 13082
211 61 31 4.463 19412
211 61 61 8.722 25742
211 61 91 12.469 32072
211 61 121 16.338 38402
211 61 151 20.003 44732
211 61 181 23.96 51062
211 61 211 29.005 57392
211 61 241 33.031 63722
211 61 271 36.099 70052
211 91 1 0.273 19412
211 91 31 6.182 25742
211 91 61 12.394 32072
211 91 91 18.015 38402
211 91 121 24.002 44732
211 91 151 30.614 51062
211 91 181 35.834 57392
211 91 211 41.779 63722
211 91 241 47.977 70052
211 91 271 53.774 76382
211 121 1 0.348 25742
211 121 31 8.324 32072
211 121 61 16.671 38402
211 121 91 38.463 44732
211 121 121 37.035 51062
211 121 151 41.075 57392
211 121 181 49.673 63722
211 121 211 57.221 70052
211 121 241 65.476 76382
211 121 271 76.176 82712
211 151 1 0.447 32072
211 151 31 10.861 38402
211 151 61 21.33 44732
211 151 91 31.732 51062
211 151 121 41.055 57392
211 151 151 52.558 63722
211 151 181 61.516 70052
211 151 211 71.331 76382
211 151 241 81.483 82712
211 151 271 91.491 89042
211 181 1 0.512 38402
211 181 31 12.637 44732
211 181 61 24.797 51062
211 181 91 38.172 57392
211 181 121 49.051 63722
211 181 151 60.956 70052
211 181 181 73.44 76382
211 181 211 86.6 82712
211 181 241 98.842 89042
211 181 271 108.322 95372
211 211 1 0.615 44732
211 211 31 14.719 51062
211 211 61 28.891 57392
211 211 91 43.164 63722
211 211 121 57.072 70052
211 211 151 71.296 76382
211 211 181 84.508 82712
211 211 211 102.252 89042
211 211 241 113.54 95372
211 211 271 128.7 101702
211 241 1 0.687 51062
211 241 31 17.301 57392
211 241 61 33.979 63722
211 241 91 50.565 70052
211 241 121 66.103 76382
211 241 151 82.669 82712
211 241 181 95.82 89042
211 241 211 113.963 95372
211 241 241 130.133 101702
211 241 271 145.258 108032
211 271 1 0.748 57392
211 271 31 19.31 63722
211 271 61 37.182 70052
211 271 91 55.108 76382
211 271 121 73.394 82712
211 271 151 92.9 89042
211 271 181 111.51 95372
211 271 211 131.747 101702
211 271 241 149.213 108032
211 271 271 177.498 114362
241 1 1 0.054 482
241 1 31 0.133 7712
241 1 61 0.215 14942
241 1 91 0.294 22172
241 1 121 0.374 29402
241 1 151 0.464 36632
241 1 181 0.538 43862
241 1 211 0.639 51092
241 1 241 0.7 58322
241 1 271 0.768 65552
241 31 1 0.139 7712
241 31 31 2.518 14942
241 31 61 4.916 22172
241 31 91 7.309 29402
241 31 121 9.665 36632
241 31 151 12.459 43862
241 31 181 14.745 51092
241 31 211 16.842 58322
241 31 241 18.599 65552
241 31 271 21.068 72782
241 61 1 0.223 14942
241 61 31 4.746 22172
241 61 61 9.275 29402
241 61 91 14.568 36632
241 61 121 19.448 43862
241 61 151 23.339 51092
241 61 181 27.498 58322
241 61 211 31.955 65552
241 61 241 36.657 72782
241 61 271 41.34 80012
241 91 1 0.308 22172
241 91 31 7.051 29402
241 91 61 13.828 36632
241 91 91 20.561 43862
241 91 121 27.374 51092
241 91 151 34.046 58322
241 91 181 41.059 65552
241 91 211 47.778 72782
241 91 241 54.621 80012
241 91 271 61.544 87242
241 121 1 0.392 29402
241 121 31 9.877 36632
241 121 61 18.772 43862
241 121 91 28.193 51092
241 121 121 36.797 58322
241 121 151 45.269 65552
241 121 181 56.43 72782
241 121 211 63.441 80012
241 121 241 75.616 87242
241 121 271 81.784 94472
241 151 1 0.479 36632
241 151 31 11.708 43862
241 151 61 22.918 51092
241 151 91 43.639 58322
241 151 121 45.33 65552
241 151 151 56.576 72782
241 151 181 67.938 80012
241 151 211 79.099 87242
241 151 241 90.935 94472
241 151 271 102.319 101702
241 181 1 0.563 43862
241 181 31 13.99 51092
241 181 61 27.414 58322
241 181 91 42.475 65552
241 181 121 54.302 72782
241 181 151 69.72 80012
241 181 181 83.908 87242
241 181 211 97.68 94472
241 181 241 111.629 101702
241 181 271 122.744 108932
241 211 1 0.648 51092
241 211 31 16.417 58322
241 211 61 31.945 65552
241 211 91 48.23 72782
241 211 121 63.764 80012
241 211 151 79.573 87242
241 211 181 97.149 94472
241 211 211 114.479 101702
241 211 241 128.711 108932
241 211 271 142.602 116162
241 241 1 0.731 58322
241 241 31 18.641 65552
241 241 61 36.632 72782
241 241 91 54.367 80012
241 241 121 72.249 87242
241 241 151 91.426 94472
241 241 181 109.355 101702
241 241 211 127.079 108932
241 241 241 149.511 116162
241 241 271 165.045 123392
241 271 1 0.84 65552
241 271 31 21.576 72782
241 271 61 42.228 80012
241 271 91 62.975 87242
241 271 121 83.02 94472
241 271 151 118.071 101702
241 271 181 125.194 108932
241 271 211 147.693 116162
241 271 241 167.843 123392
241 271 271 188.114 130622
271 1 1 0.057 542
271 1 31 0.142 8672
271 1 61 0.231 16802
271 1 91 0.318 24932
271 1 121 0.406 33062
271 1 151 0.496 41192
271 1 181 0.581 49322
271 1 211 0.669 57452
271 1 241 0.759 65582
271 1 271 0.859 73712
271 31 1 0.161 8672
271 31 31 2.911 16802
271 31 61 5.662 24932
271 31 91 8.403 33062
271 31 121 11.156 41192
271 31 151 13.91 49322
271 31 181 16.341 57452
271 31 211 19.189 65582
271 31 241 21.718 73712
271 31 271 24.297 81842
271 61 1 0.262 16802
271 61 31 5.67 24932
271 61 61 11.098 33062
271 61 91 16.521 41192
271 61 121 21.905 49322
271 61 151 26.539 57452
271 61 181 32.556 65582
271 61 211 37.417 73712
271 61 241 41.361 81842
271 61 271 48.017 89972
271 91 1 0.364 24932
271 91 31 8.421 33062
271 91 61 16.433 41192
271 91 91 24.314 49322
271 91 121 32.673 57452
271 91 151 40.727 65582
271 91 181 48.856 73712
271 91 211 55.293 81842
271 91 241 67.752 89972
271 91 271 72.775 98102
271 121 1 0.468 33062
271 121 31 11.193 41192
271 121 61 21.919 49322
271 121 91 32.643 57452
271 121 121 42.926 65582
271 121 151 52.406 73712
271 121 181 63.023 81842
271 121 211 75.312 89972
271 121 241 84.955 98102
271 121 271 96.354 106232
271 151 1 0.549 41192
271 151 31 13.57 49322
271 151 61 26.635 57452
271 151 91 39.526 65582
271 151 121 52.607 73712
271 151 151 65.66 81842
271 151 181 94.828 89972
271 151 211 92.209 98102
271 151 241 112.395 106232
271 151 271 120.418 114362
271 181 1 0.667 49322
271 181 31 16.685 57452
271 181 61 41.066 65582
271 181 91 47.589 73712
271 181 121 65.58 81842
271 181 151 78.303 89972
271 181 181 93.76 98102
271 181 211 107.655 106232
271 181 241 135.302 114362
271 181 271 142.949 122492
271 211 1 0.773 57452
271 211 31 19.46 65582
271 211 61 37.775 73712
271 211 91 56.926 81842
271 211 121 83.152 89972
271 211 151 91.813 98102
271 211 181 111.077 106232
271 211 211 132.48 114362
271 211 241 151.322 122492
271 211 271 170.454 130622
271 241 1 0.895 65582
271 241 31 22.615 73712
271 241 61 44.689 81842
271 241 91 62.424 89972
271 241 121 94.066 98102
271 241 151 105.607 106232
271 241 181 125.428 114362
271 241 211 146.857 122492
271 241 241 167.602 130622
271 241 271 186.709 138752
271 271 1 0.942 73712
271 271 31 24.222 81842
271 271 61 48.737 89972
271 271 91 70.878 98102
271 271 121 96.523 106232
271 271 151 121.247 114362
271 271 181 145.349 122492
271 271 211 170.095 130622
271 271 241 187.557 138752
271 271 271 211.642 146882
