1 1 1 0.004 2
1 1 1001 0.015 1002
1 1 2001 0.027 2002
1 1 3001 0.03 3002
1 1 4001 0.048 4002
1 1001 1 0.272 1002
1 1001 1001 7.274 2002
1 1001 2001 7.299 3002
1 1001 3001 8.488 4002
1 1001 4001 11.334 5002
1 2001 1 0.169 2002
1 2001 1001 5.843 3002
1 2001 2001 11.481 4002
1 2001 3001 17.067 5002
1 2001 4001 22.943 6002
1 3001 1 0.234 3002
1 3001 1001 8.679 4002
1 3001 2001 17.013 5002
1 3001 3001 25.416 6002
1 3001 4001 39.219 7002
1 4001 1 0.324 4002
1 4001 1001 11.777 5002
1 4001 2001 23.145 6002
1 4001 3001 34.349 7002
1 4001 4001 46.284 8002
1001 1 1 0.049 2002
1001 1 1001 8.016 1003002
1001 1 2001 16.96 2004002
1001 1 3001 26.319 3005002
1001 1 4001 37.251 4006002
1001 1001 1 1.893 1003002
1001 1001 1001 7211.16 2004002
1001 1001 2001 15506.3 3005002
1001 1001 3001 27655.9 4006002
1001 1001 4001 40285.3 5007002
1001 2001 1 3.923 2004002
1001 2001 1001 14523.8 3005002
1001 2001 2001 36365.9 4006002
1001 2001 3001 57395.8 5007002
1001 2001 4001 79682.7 6008002
1001 3001 1 6.036 3005002
1001 3001 1001 21816.9 4006002
1001 3001 2001 54333.9 5007002
1001 3001 3001 86398.6 6008002
1001 3001 4001 120056 7009002
1001 4001 1 8.036 4006002
1001 4001 1001 11753.1 5007002
1001 4001 2001 21705.2 6008002
1001 4001 3001 26720.7 7009002
1001 4001 4001 36242.7 8010002
2001 1 1 0.096 4002
2001 1 1001 5.802 2005002
2001 1 2001 24.753 4006002
2001 1 3001 44.708 6007002
2001 1 4001 69.755 8008002
2001 1001 1 3.796 2005002
2001 1001 1001 4708.4 4006002
2001 1001 2001 24256.6 6007002
2001 1001 3001 38573.9 8008002
2001 1001 4001 58216.1 10009002
2001 2001 1 7.72 4006002
2001 2001 1001 9321.43 6007002
2001 2001 2001 42297.1 8008002
2001 2001 3001 78911.3 10009002
2001 2001 4001 132721 12010002
2001 3001 1 11.584 6007002
2001 3001 1001 14852.7 8008002
2001 3001 2001 73663.2 10009002
2001 3001 3001 137545 12010002
2001 3001 4001 207879 14011002
2001 4001 1 33.69 8008002
2001 4001 1001 19813.8 10009002
2001 4001 2001 84835.5 12010002
2001 4001 3001 156894 14011002
2001 4001 4001 236197 16012002
3001 1 1 0.147 6002
3001 1 1001 20.762 3007002
3001 1 2001 38.288 6008002
3001 1 3001 71.036 9009002
3001 1 4001 103.676 12010002
3001 1001 1 6.021 3007002
3001 1001 1001 23744.9 6008002
3001 1001 2001 52618.1 9009002
3001 1001 3001 82756.3 12010002
3001 1001 4001 116722 15011002
3001 2001 1 11.446 6008002
3001 2001 1001 47459.3 9009002
3001 2001 2001 104745 12010002
3001 2001 3001 191664 15011002
3001 2001 4001 302713 18012002
3001 3001 1 17.045 9009002
3001 3001 1001 83829.5 12010002
3001 3001 2001 182462 15011002
3001 3001 3001 245291 18012002
3001 3001 4001 292350 21013002
3001 4001 1 22.522 12010002
3001 4001 1001 32594.4 15011002
3001 4001 2001 62038.3 18012002
3001 4001 3001 97231.5 21013002
3001 4001 4001 130089 24014002
4001 1 1 0.201 8002
4001 1 1001 14.077 4009002
4001 1 2001 54.183 8010002
4001 1 3001 94.759 12011002
4001 1 4001 140.932 16012002
4001 1001 1 8.207 4009002
4001 1001 1001 32636.7 8010002
4001 1001 2001 48781.8 12011002
4001 1001 3001 88711 16012002
4001 1001 4001 130275 20013002
4001 2001 1 16.144 8010002
4001 2001 1001 64713.9 12011002
4001 2001 2001 96798.1 16012002
4001 2001 3001 175821 20013002
4001 2001 4001 258674 24014002
4001 3001 1 23.897 12011002
4001 3001 1001 96938.2 16012002
4001 3001 2001 146179 20013002
4001 3001 3001 268075 24014002
4001 3001 4001 393230 28015002
4001 4001 1 32.135 16012002
4001 4001 1001 152280 20013002
4001 4001 2001 210454 24014002
4001 4001 3001 351016 28015002
4001 4001 4001 525042 32016002
