2 0.006
102 0.027
202 0.046
302 0.065
402 0.083
502 0.103
602 0.121
702 0.141
802 0.157
902 0.18
1002 0.196
1102 0.216
1202 0.235
1302 0.262
1402 0.314
1502 0.298
1602 0.402
1702 0.436
1802 0.499
1902 0.413
2002 0.436
2102 0.429
2202 0.41
2302 0.439
2402 0.451
2502 0.476
2602 0.489
2702 0.513
2802 0.529
2902 0.56
3002 0.566
3102 0.658
3202 0.606
3302 0.636
3402 0.65
3502 0.68
3602 0.693
3702 0.722
3802 0.751
3902 0.767
4002 0.776
4102 0.805
4202 0.82
4302 0.956
4402 0.858
4502 0.888
4602 0.871
4702 0.9
4802 0.91
4902 0.937
