2 0.005
102 0.048
202 0.091
302 0.133
402 0.182
502 0.213
602 0.195
702 0.196
802 0.221
902 0.355
1002 0.398
1102 0.438
1202 0.49
1302 0.542
1402 0.583
1502 0.604
1602 0.646
1702 0.689
1802 0.732
1902 0.771
2002 0.812
2102 0.851
2202 0.916
2302 0.996
2402 0.672
2502 1.006
2602 1.09
2702 1.102
2802 1.144
2902 1.176
3002 1.217
3102 1.293
3202 1.373
3302 1.279
3402 1.415
3502 1.426
3602 1.46
3702 1.51
3802 1.577
3902 1.413
4002 1.651
4102 1.688
4202 1.708
4302 1.759
4402 1.853
4502 1.489
4602 1.92
4702 1.912
4802 1.925
4902 2.064
